0 0.22429
0.0166667 0.22429
0.0333333 0.22429
0.05 0.22429
0.0666667 0.22429
0.0833333 0.22429
0.1 0.22429
0.116667 0.22429
0.133333 0.22429
0.15 0.22429
0.166667 0.22429
0.183333 0.22429
0.2 0.22429
0.216667 0.22429
0.233333 0.22429
0.25 0.22429
0.266667 0.22429
0.283333 0.22429
0.3 0.22429
0.316667 0.22429
0.333333 0.22429
0.35 0.22429
0.366667 0.22429
0.383333 0.22429
0.4 0.22429
0.416667 0.22429
0.433333 0.22429
0.45 0.22429
0.466667 0.22429
0.483333 0.22429
0.5 0.224289
0.516667 0.224289
0.533333 0.224289
0.55 0.224289
0.566667 0.224289
0.583333 0.224289
0.6 0.224289
0.616667 0.224289
0.633333 0.224289
0.65 0.224289
0.666667 0.224289
0.683333 0.224289
0.7 0.224289
0.716667 0.224289
0.733333 0.224289
0.75 0.224289
0.766667 0.224289
0.783333 0.224289
0.8 0.224289
0.816667 0.224289
0.833333 0.224289
0.85 0.224289
0.866667 0.224289
0.883333 0.224289
0.9 0.224289
0.916667 0.224289
0.933333 0.224289
0.95 0.224289
0.966667 0.224289
0.983333 0.224289
1 0.224289
1.01667 0.224289
1.03333 0.224289
1.05 0.224289
1.06667 0.224289
1.08333 0.224289
1.1 0.224289
1.11667 0.224289
1.13333 0.224289
1.15 0.224289
1.16667 0.224289
1.18333 0.224289
1.2 0.224289
1.21667 0.224289
1.23333 0.224289
1.25 0.224289
1.26667 0.224289
1.28333 0.224289
1.3 0.224289
1.31667 0.224289
1.33333 0.224289
1.35 0.224289
1.36667 0.224289
1.38333 0.224289
1.4 0.224289
1.41667 0.224289
1.43333 0.224289
1.45 0.224289
1.46667 0.224289
1.48333 0.224289
1.5 0.224289
1.51667 0.224289
1.53333 0.224289
1.55 0.224289
1.56667 0.224289
1.58333 0.224289
1.6 0.224289
1.61667 0.224289
1.63333 0.224289
1.65 0.224289
1.66667 0.224289
1.68333 0.224289
1.7 0.224289
1.71667 0.224289
1.73333 0.224289
1.75 0.224289
1.76667 0.224289
1.78333 0.224289
1.8 0.224289
1.81667 0.224289
1.83333 0.224289
1.85 0.224289
1.86667 0.224289
1.88333 0.224289
1.9 0.224289
1.91667 0.224289
1.93333 0.224289
1.95 0.224289
1.96667 0.224289
1.98333 0.224289
2 0.224289
2.01667 0.224289
2.03333 0.224289
2.05 0.224289
2.06667 0.224289
2.08333 0.224289
2.1 0.224289
2.11667 0.224289
2.13333 0.224289
2.15 0.224289
2.16667 0.224289
2.18333 0.224289
2.2 0.224289
2.21667 0.224289
2.23333 0.224289
2.25 0.224289
2.26667 0.224289
2.28333 0.224289
2.3 0.224289
2.31667 0.224289
2.33333 0.224289
2.35 0.224289
2.36667 0.224289
2.38333 0.224289
2.4 0.224289
2.41667 0.224289
2.43333 0.224289
2.45 0.224289
2.46667 0.224289
2.48333 0.224289
2.5 0.224289
2.51667 0.224289
2.53333 0.224289
2.55 0.224289
2.56667 0.224289
2.58333 0.224289
2.6 0.224289
2.61667 0.224289
2.63333 0.224289
2.65 0.224289
2.66667 0.224289
2.68333 0.224289
2.7 0.224289
2.71667 0.224289
2.73333 0.224289
2.75 0.224289
2.76667 0.224289
2.78333 0.224289
2.8 0.224289
2.81667 0.224289
2.83333 0.224289
2.85 0.224289
2.86667 0.224289
2.88333 0.224289
2.9 0.224289
2.91667 0.224289
2.93333 0.224289
2.95 0.224289
2.96667 0.224289
2.98333 0.224289
3 0.224289
3.01667 0.224289
3.03333 0.224289
3.05 0.224289
3.06667 0.224289
3.08333 0.224289
3.1 0.224289
3.11667 0.224289
3.13333 0.224289
3.15 0.224289
3.16667 0.224289
3.18333 0.224289
3.2 0.224289
3.21667 0.224289
3.23333 0.224289
3.25 0.224289
3.26667 0.224289
3.28333 0.224289
3.3 0.224289
3.31667 0.224289
3.33333 0.224289
3.35 0.224289
3.36667 0.224289
3.38333 0.224289
3.4 0.224289
3.41667 0.224289
3.43333 0.224289
3.45 0.224289
3.46667 0.224289
3.48333 0.224289
3.5 0.224289
3.51667 0.224289
3.53333 0.224289
3.55 0.224289
3.56667 0.224289
3.58333 0.224289
3.6 0.224289
3.61667 0.224289
3.63333 0.224289
3.65 0.224289
3.66667 0.224289
3.68333 0.224289
3.7 0.224289
3.71667 0.224289
3.73333 0.224289
3.75 0.224289
3.76667 0.224289
3.78333 0.224289
3.8 0.224289
3.81667 0.224289
3.83333 0.224289
3.85 0.224289
3.86667 0.224289
3.88333 0.224289
3.9 0.224288
3.91667 0.224288
3.93333 0.224288
3.95 0.224288
3.96667 0.224288
3.98333 0.224288
4 0.224288
4.01667 0.224288
4.03333 0.224288
4.05 0.224288
4.06667 0.224288
4.08333 0.224288
4.1 0.224288
4.11667 0.224288
4.13333 0.224288
4.15 0.224288
4.16667 0.224288
4.18333 0.224288
4.2 0.224288
4.21667 0.224288
4.23333 0.224288
4.25 0.224288
4.26667 0.224288
4.28333 0.224288
4.3 0.224288
4.31667 0.224288
4.33333 0.224288
4.35 0.224288
4.36667 0.224288
4.38333 0.224288
4.4 0.224288
4.41667 0.224288
4.43333 0.224288
4.45 0.224288
4.46667 0.224288
4.48333 0.224288
4.5 0.224288
4.51667 0.224288
4.53333 0.224288
4.55 0.224288
4.56667 0.224288
4.58333 0.224288
4.6 0.224288
4.61667 0.224288
4.63333 0.224288
4.65 0.224288
4.66667 0.224288
4.68333 0.224288
4.7 0.224288
4.71667 0.224288
4.73333 0.224288
4.75 0.224288
4.76667 0.224288
4.78333 0.224288
4.8 0.224288
4.81667 0.224288
4.83333 0.224288
4.85 0.224288
4.86667 0.224288
4.88333 0.224288
4.9 0.224288
4.91667 0.224288
4.93333 0.224288
4.95 0.224288
4.96667 0.224288
4.98333 0.224288
5 0.224288
5.01667 0.224288
5.03333 0.224288
5.05 0.224288
5.06667 0.224288
5.08333 0.224288
5.1 0.224288
5.11667 0.224288
5.13333 0.224287
5.15 0.224287
5.16667 0.224287
5.18333 0.224287
5.2 0.224287
5.21667 0.224287
5.23333 0.224287
5.25 0.224287
5.26667 0.224287
5.28333 0.224287
5.3 0.224287
5.31667 0.224287
5.33333 0.224287
5.35 0.224287
5.36667 0.224287
5.38333 0.224287
5.4 0.224287
5.41667 0.224287
5.43333 0.224287
5.45 0.224287
5.46667 0.224287
5.48333 0.224287
5.5 0.224287
5.51667 0.224287
5.53333 0.224287
5.55 0.224287
5.56667 0.224287
5.58333 0.224287
5.6 0.224287
5.61667 0.224287
5.63333 0.224287
5.65 0.224287
5.66667 0.224287
5.68333 0.224287
5.7 0.224287
5.71667 0.224287
5.73333 0.224287
5.75 0.224287
5.76667 0.224287
5.78333 0.224287
5.8 0.224287
5.81667 0.224287
5.83333 0.224287
5.85 0.224287
5.86667 0.224287
5.88333 0.224287
5.9 0.224287
5.91667 0.224287
5.93333 0.224287
5.95 0.224287
5.96667 0.224287
5.98333 0.224287
6 0.224287
6.01667 0.224287
6.03333 0.224287
6.05 0.224287
6.06667 0.224287
6.08333 0.224287
6.1 0.224286
6.11667 0.224286
6.13333 0.224286
6.15 0.224286
6.16667 0.224286
6.18333 0.224286
6.2 0.224286
6.21667 0.224286
6.23333 0.224286
6.25 0.224286
6.26667 0.224286
6.28333 0.224286
6.3 0.224286
6.31667 0.224286
6.33333 0.224286
6.35 0.224286
6.36667 0.224286
6.38333 0.224286
6.4 0.224286
6.41667 0.224286
6.43333 0.224286
6.45 0.224286
6.46667 0.224286
6.48333 0.224286
6.5 0.224286
6.51667 0.224286
6.53333 0.224286
6.55 0.224286
6.56667 0.224286
6.58333 0.224286
6.6 0.224286
6.61667 0.224286
6.63333 0.224286
6.65 0.224286
6.66667 0.224286
6.68333 0.224286
6.7 0.224286
6.71667 0.224286
6.73333 0.224286
6.75 0.224286
6.76667 0.224286
6.78333 0.224286
6.8 0.224286
6.81667 0.224286
6.83333 0.224286
6.85 0.224286
6.86667 0.224286
6.88333 0.224286
6.9 0.224286
6.91667 0.224286
6.93333 0.224286
6.95 0.224286
6.96667 0.224285
6.98333 0.224285
7 0.224285
7.01667 0.224285
7.03333 0.224285
7.05 0.224285
7.06667 0.224285
7.08333 0.224285
7.1 0.224285
7.11667 0.224285
7.13333 0.224285
7.15 0.224285
7.16667 0.224285
7.18333 0.224285
7.2 0.224285
7.21667 0.224285
7.23333 0.224285
7.25 0.224285
7.26667 0.224285
7.28333 0.224285
7.3 0.224285
7.31667 0.224285
7.33333 0.224285
7.35 0.224285
7.36667 0.224285
7.38333 0.224285
7.4 0.224285
7.41667 0.224285
7.43333 0.224285
7.45 0.224285
7.46667 0.224285
7.48333 0.224285
7.5 0.224285
7.51667 0.224285
7.53333 0.224285
7.55 0.224285
7.56667 0.224285
7.58333 0.224285
7.6 0.224285
7.61667 0.224285
7.63333 0.224285
7.65 0.224285
7.66667 0.224285
7.68333 0.224285
7.7 0.224285
7.71667 0.224285
7.73333 0.224285
7.75 0.224285
7.76667 0.224285
7.78333 0.224285
7.8 0.224285
7.81667 0.224284
7.83333 0.224284
7.85 0.224284
7.86667 0.224284
7.88333 0.224284
7.9 0.224284
7.91667 0.224284
7.93333 0.224284
7.95 0.224284
7.96667 0.224284
7.98333 0.224284
8 0.224284
8.01667 0.224284
8.03333 0.224284
8.05 0.224284
8.06667 0.224284
8.08333 0.224284
8.1 0.224284
8.11667 0.224284
8.13333 0.224284
8.15 0.224284
8.16667 0.224284
8.18333 0.224284
8.2 0.224284
8.21667 0.224284
8.23333 0.224284
8.25 0.224284
8.26667 0.224284
8.28333 0.224284
8.3 0.224284
8.31667 0.224284
8.33333 0.224284
8.35 0.224284
8.36667 0.224284
8.38333 0.224284
8.4 0.224284
8.41667 0.224284
8.43333 0.224284
8.45 0.224284
8.46667 0.224284
8.48333 0.224284
8.5 0.224284
8.51667 0.224284
8.53333 0.224284
8.55 0.224284
8.56667 0.224284
8.58333 0.224284
8.6 0.224284
8.61667 0.224284
8.63333 0.224284
8.65 0.224284
8.66667 0.224284
8.68333 0.224283
8.7 0.224283
8.71667 0.224283
8.73333 0.224283
8.75 0.224283
8.76667 0.224283
8.78333 0.224283
8.8 0.224283
8.81667 0.224283
8.83333 0.224283
8.85 0.224283
8.86667 0.224283
8.88333 0.224283
8.9 0.224283
8.91667 0.224283
8.93333 0.224283
8.95 0.224283
8.96667 0.224283
8.98333 0.224283
9 0.224283
9.01667 0.224283
9.03333 0.224283
9.05 0.224283
9.06667 0.224283
9.08333 0.224283
9.1 0.224283
9.11667 0.224283
9.13333 0.224283
9.15 0.224283
9.16667 0.224283
9.18333 0.224283
9.2 0.224283
9.21667 0.224283
9.23333 0.224283
9.25 0.224283
9.26667 0.224283
9.28333 0.224283
9.3 0.224283
9.31667 0.224283
9.33333 0.224283
9.35 0.224283
9.36667 0.224283
9.38333 0.224283
9.4 0.224283
9.41667 0.224283
9.43333 0.224283
9.45 0.224283
9.46667 0.224283
9.48333 0.224283
9.5 0.224283
9.51667 0.224283
9.53333 0.224283
9.55 0.224283
9.56667 0.224283
9.58333 0.224283
9.6 0.224283
9.61667 0.224283
9.63333 0.224283
9.65 0.224283
9.66667 0.224283
9.68333 0.224283
9.7 0.224283
9.71667 0.224283
9.73333 0.224283
9.75 0.224283
9.76667 0.224283
9.78333 0.224283
9.8 0.224282
9.81667 0.224282
9.83333 0.224282
9.85 0.224282
9.86667 0.224282
9.88333 0.224282
9.9 0.224282
9.91667 0.224282
9.93333 0.224282
9.95 0.224282
9.96667 0.224282
9.98333 0.224282
10 0.224282
10.0167 0.224282
10.0333 0.224282
10.05 0.224282
10.0667 0.224282
10.0833 0.224282
10.1 0.224282
10.1167 0.224282
10.1333 0.224282
10.15 0.224282
10.1667 0.224282
10.1833 0.224282
10.2 0.224282
10.2167 0.224282
10.2333 0.224282
10.25 0.224282
10.2667 0.224282
10.2833 0.224282
10.3 0.224282
10.3167 0.224282
10.3333 0.224282
10.35 0.224282
10.3667 0.224282
10.3833 0.224282
10.4 0.224282
10.4167 0.224282
10.4333 0.224282
10.45 0.224282
10.4667 0.224282
10.4833 0.224282
10.5 0.224282
10.5167 0.224282
10.5333 0.224282
10.55 0.224282
10.5667 0.224282
10.5833 0.224282
10.6 0.224282
10.6167 0.224282
10.6333 0.224282
10.65 0.224282
10.6667 0.224282
10.6833 0.224282
10.7 0.224282
10.7167 0.224282
10.7333 0.224282
10.75 0.224282
10.7667 0.224282
10.7833 0.224282
10.8 0.224282
10.8167 0.224282
10.8333 0.224282
10.85 0.224282
10.8667 0.224282
10.8833 0.224282
10.9 0.224282
10.9167 0.224282
10.9333 0.224282
10.95 0.224282
10.9667 0.224282
10.9833 0.224282
11 0.224282
11.0167 0.224282
11.0333 0.224282
11.05 0.224282
11.0667 0.224282
11.0833 0.224282
11.1 0.224282
11.1167 0.224282
11.1333 0.224282
11.15 0.224282
11.1667 0.224282
11.1833 0.224282
11.2 0.224282
11.2167 0.224282
11.2333 0.224282
11.25 0.224282
11.2667 0.224282
11.2833 0.224282
11.3 0.224282
11.3167 0.224282
11.3333 0.224282
11.35 0.224283
11.3667 0.224283
11.3833 0.224283
11.4 0.224283
11.4167 0.224283
11.4333 0.224283
11.45 0.224283
11.4667 0.224283
11.4833 0.224283
11.5 0.224283
11.5167 0.224283
11.5333 0.224283
11.55 0.224283
11.5667 0.224283
11.5833 0.224283
11.6 0.224283
11.6167 0.224283
11.6333 0.224283
11.65 0.224283
11.6667 0.224283
11.6833 0.224283
11.7 0.224283
11.7167 0.224283
11.7333 0.224283
11.75 0.224283
11.7667 0.224283
11.7833 0.224283
11.8 0.224283
11.8167 0.224283
11.8333 0.224283
11.85 0.224283
11.8667 0.224283
11.8833 0.224283
11.9 0.224283
11.9167 0.224283
11.9333 0.224283
11.95 0.224283
11.9667 0.224283
11.9833 0.224283
12 0.224283
12.0167 0.224283
12.0333 0.224283
12.05 0.224283
12.0667 0.224283
12.0833 0.224283
12.1 0.224283
12.1167 0.224283
12.1333 0.224283
12.15 0.224283
12.1667 0.224284
12.1833 0.224284
12.2 0.224284
12.2167 0.224284
12.2333 0.224284
12.25 0.224284
12.2667 0.224284
12.2833 0.224284
12.3 0.224284
12.3167 0.224284
12.3333 0.224284
12.35 0.224284
12.3667 0.224284
12.3833 0.224284
12.4 0.224284
12.4167 0.224284
12.4333 0.224284
12.45 0.224284
12.4667 0.224284
12.4833 0.224284
12.5 0.224284
12.5167 0.224284
12.5333 0.224284
12.55 0.224284
12.5667 0.224284
12.5833 0.224284
12.6 0.224284
12.6167 0.224284
12.6333 0.224284
12.65 0.224284
12.6667 0.224284
12.6833 0.224285
12.7 0.224285
12.7167 0.224285
12.7333 0.224285
12.75 0.224285
12.7667 0.224285
12.7833 0.224285
12.8 0.224285
12.8167 0.224285
12.8333 0.224285
12.85 0.224285
12.8667 0.224285
12.8833 0.224285
12.9 0.224285
12.9167 0.224285
12.9333 0.224285
12.95 0.224285
12.9667 0.224285
12.9833 0.224285
13 0.224285
13.0167 0.224285
13.0333 0.224285
13.05 0.224285
13.0667 0.224285
13.0833 0.224286
13.1 0.224286
13.1167 0.224286
13.1333 0.224286
13.15 0.224286
13.1667 0.224286
13.1833 0.224286
13.2 0.224286
13.2167 0.224286
13.2333 0.224286
13.25 0.224286
13.2667 0.224286
13.2833 0.224286
13.3 0.224286
13.3167 0.224286
13.3333 0.224286
13.35 0.224286
13.3667 0.224286
13.3833 0.224286
13.4 0.224286
13.4167 0.224286
13.4333 0.224287
13.45 0.224287
13.4667 0.224287
13.4833 0.224287
13.5 0.224287
13.5167 0.224287
13.5333 0.224287
13.55 0.224287
13.5667 0.224287
13.5833 0.224287
13.6 0.224287
13.6167 0.224287
13.6333 0.224287
13.65 0.224287
13.6667 0.224287
13.6833 0.224287
13.7 0.224287
13.7167 0.224287
13.7333 0.224287
13.75 0.224288
13.7667 0.224288
13.7833 0.224288
13.8 0.224288
13.8167 0.224288
13.8333 0.224288
13.85 0.224288
13.8667 0.224288
13.8833 0.224288
13.9 0.224288
13.9167 0.224288
13.9333 0.224288
13.95 0.224288
13.9667 0.224288
13.9833 0.224288
14 0.224288
14.0167 0.224288
14.0333 0.224288
14.05 0.224289
14.0667 0.224289
14.0833 0.224289
14.1 0.224289
14.1167 0.224289
14.1333 0.224289
14.15 0.224289
14.1667 0.224289
14.1833 0.224289
14.2 0.224289
14.2167 0.224289
14.2333 0.224289
14.25 0.224289
14.2667 0.224289
14.2833 0.224289
14.3 0.224289
14.3167 0.224289
14.3333 0.224289
14.35 0.22429
14.3667 0.22429
14.3833 0.22429
14.4 0.22429
14.4167 0.22429
14.4333 0.22429
14.45 0.22429
14.4667 0.22429
14.4833 0.22429
14.5 0.22429
14.5167 0.22429
14.5333 0.22429
14.55 0.22429
14.5667 0.22429
14.5833 0.22429
14.6 0.22429
14.6167 0.224291
14.6333 0.224291
14.65 0.224291
14.6667 0.224291
14.6833 0.224291
14.7 0.224291
14.7167 0.224291
14.7333 0.224291
14.75 0.224291
14.7667 0.224291
14.7833 0.224291
14.8 0.224291
14.8167 0.224291
14.8333 0.224291
14.85 0.224291
14.8667 0.224291
14.8833 0.224291
14.9 0.224292
14.9167 0.224292
14.9333 0.224292
14.95 0.224292
14.9667 0.224292
14.9833 0.224292
15 0.224292
15.0167 0.224292
15.0333 0.224292
15.05 0.224292
15.0667 0.224292
15.0833 0.224292
15.1 0.224292
15.1167 0.224292
15.1333 0.224292
15.15 0.224292
15.1667 0.224293
15.1833 0.224293
15.2 0.224293
15.2167 0.224293
15.2333 0.224293
15.25 0.224293
15.2667 0.224293
15.2833 0.224293
15.3 0.224293
15.3167 0.224293
15.3333 0.224293
15.35 0.224293
15.3667 0.224293
15.3833 0.224293
15.4 0.224293
15.4167 0.224293
15.4333 0.224294
15.45 0.224294
15.4667 0.224294
15.4833 0.224294
15.5 0.224294
15.5167 0.224294
15.5333 0.224294
15.55 0.224294
15.5667 0.224294
15.5833 0.224294
15.6 0.224294
15.6167 0.224294
15.6333 0.224294
15.65 0.224294
15.6667 0.224294
15.6833 0.224294
15.7 0.224294
15.7167 0.224295
15.7333 0.224295
15.75 0.224295
15.7667 0.224295
15.7833 0.224295
15.8 0.224295
15.8167 0.224295
15.8333 0.224295
15.85 0.224295
15.8667 0.224295
15.8833 0.224295
15.9 0.224295
15.9167 0.224295
15.9333 0.224295
15.95 0.224295
15.9667 0.224295
15.9833 0.224295
16 0.224295
16.0167 0.224296
16.0333 0.224296
16.05 0.224296
16.0667 0.224296
16.0833 0.224296
16.1 0.224296
16.1167 0.224296
16.1333 0.224296
16.15 0.224296
16.1667 0.224296
16.1833 0.224296
16.2 0.224296
16.2167 0.224296
16.2333 0.224296
16.25 0.224296
16.2667 0.224296
16.2833 0.224296
16.3 0.224296
16.3167 0.224297
16.3333 0.224297
16.35 0.224297
16.3667 0.224297
16.3833 0.224297
16.4 0.224297
16.4167 0.224297
16.4333 0.224297
16.45 0.224297
16.4667 0.224297
16.4833 0.224297
16.5 0.224297
16.5167 0.224297
16.5333 0.224297
16.55 0.224297
16.5667 0.224297
16.5833 0.224297
16.6 0.224297
16.6167 0.224297
16.6333 0.224297
16.65 0.224298
16.6667 0.224298
16.6833 0.224298
16.7 0.224298
16.7167 0.224298
16.7333 0.224298
16.75 0.224298
16.7667 0.224298
16.7833 0.224298
16.8 0.224298
16.8167 0.224298
16.8333 0.224298
16.85 0.224298
16.8667 0.224298
16.8833 0.224298
16.9 0.224298
16.9167 0.224298
16.9333 0.224298
16.95 0.224298
16.9667 0.224298
16.9833 0.224298
17 0.224298
17.0167 0.224299
17.0333 0.224299
17.05 0.224299
17.0667 0.224299
17.0833 0.224299
17.1 0.224299
17.1167 0.224299
17.1333 0.224299
17.15 0.224299
17.1667 0.224299
17.1833 0.224299
17.2 0.224299
17.2167 0.224299
17.2333 0.224299
17.25 0.224299
17.2667 0.224299
17.2833 0.224299
17.3 0.224299
17.3167 0.224299
17.3333 0.224299
17.35 0.224299
17.3667 0.224299
17.3833 0.224299
17.4 0.224299
17.4167 0.224299
17.4333 0.224299
17.45 0.224299
17.4667 0.2243
17.4833 0.2243
17.5 0.2243
17.5167 0.2243
17.5333 0.2243
17.55 0.2243
17.5667 0.2243
17.5833 0.2243
17.6 0.2243
17.6167 0.2243
17.6333 0.2243
17.65 0.2243
17.6667 0.2243
17.6833 0.2243
17.7 0.2243
17.7167 0.2243
17.7333 0.2243
17.75 0.2243
17.7667 0.2243
17.7833 0.2243
17.8 0.2243
17.8167 0.2243
17.8333 0.2243
17.85 0.2243
17.8667 0.2243
17.8833 0.2243
17.9 0.2243
17.9167 0.2243
17.9333 0.2243
17.95 0.2243
17.9667 0.2243
17.9833 0.2243
18 0.2243
18.0167 0.2243
18.0333 0.2243
18.05 0.2243
18.0667 0.2243
18.0833 0.224301
18.1 0.224301
18.1167 0.224301
18.1333 0.224301
18.15 0.224301
18.1667 0.224301
18.1833 0.224301
18.2 0.224301
18.2167 0.224301
18.2333 0.224301
18.25 0.224301
18.2667 0.224301
18.2833 0.224301
18.3 0.224301
18.3167 0.224301
18.3333 0.224301
18.35 0.224301
18.3667 0.224301
18.3833 0.224301
18.4 0.224301
18.4167 0.224301
18.4333 0.224301
18.45 0.224301
18.4667 0.224301
18.4833 0.224301
18.5 0.224301
18.5167 0.224301
18.5333 0.224301
18.55 0.224301
18.5667 0.224301
18.5833 0.224301
18.6 0.224301
18.6167 0.224301
18.6333 0.224301
18.65 0.224301
18.6667 0.224301
18.6833 0.224301
18.7 0.224301
18.7167 0.224301
18.7333 0.224301
18.75 0.224301
18.7667 0.224301
18.7833 0.224301
18.8 0.224301
18.8167 0.224301
18.8333 0.224301
18.85 0.224301
18.8667 0.224301
18.8833 0.224301
18.9 0.224301
18.9167 0.224301
18.9333 0.224301
18.95 0.224301
18.9667 0.224301
18.9833 0.224301
19 0.224301
19.0167 0.224301
19.0333 0.224301
19.05 0.224301
19.0667 0.224301
19.0833 0.224301
19.1 0.224301
19.1167 0.224301
19.1333 0.224301
19.15 0.224301
19.1667 0.224301
19.1833 0.224301
19.2 0.224301
19.2167 0.224301
19.2333 0.224301
19.25 0.224301
19.2667 0.224301
19.2833 0.224301
19.3 0.224301
19.3167 0.224301
19.3333 0.224301
19.35 0.224301
19.3667 0.224301
19.3833 0.224301
19.4 0.224301
19.4167 0.224301
19.4333 0.224301
19.45 0.224301
19.4667 0.224301
19.4833 0.224301
19.5 0.224301
19.5167 0.224301
19.5333 0.224301
19.55 0.224301
19.5667 0.224301
19.5833 0.224301
19.6 0.224301
19.6167 0.224301
19.6333 0.224301
19.65 0.224301
19.6667 0.224301
19.6833 0.224301
19.7 0.224301
19.7167 0.224301
19.7333 0.224301
19.75 0.224301
19.7667 0.224301
19.7833 0.224301
19.8 0.224301
19.8167 0.224301
19.8333 0.224301
19.85 0.224301
19.8667 0.224301
19.8833 0.224301
19.9 0.224301
19.9167 0.224301
19.9333 0.224301
19.95 0.224301
19.9667 0.224301
19.9833 0.224301
20 0.224301
20.0167 0.224301
20.0333 0.224301
20.05 0.2243
20.0667 0.2243
20.0833 0.2243
20.1 0.2243
20.1167 0.2243
20.1333 0.2243
20.15 0.2243
20.1667 0.2243
20.1833 0.2243
20.2 0.2243
20.2167 0.2243
20.2333 0.2243
20.25 0.2243
20.2667 0.2243
20.2833 0.2243
20.3 0.2243
20.3167 0.2243
20.3333 0.2243
20.35 0.2243
20.3667 0.2243
20.3833 0.2243
20.4 0.2243
20.4167 0.2243
20.4333 0.2243
20.45 0.2243
20.4667 0.2243
20.4833 0.2243
20.5 0.2243
20.5167 0.2243
20.5333 0.2243
20.55 0.2243
20.5667 0.2243
20.5833 0.2243
20.6 0.2243
20.6167 0.2243
20.6333 0.2243
20.65 0.2243
20.6667 0.2243
20.6833 0.2243
20.7 0.2243
20.7167 0.2243
20.7333 0.2243
20.75 0.2243
20.7667 0.2243
20.7833 0.224299
20.8 0.224299
20.8167 0.224299
20.8333 0.224299
20.85 0.224299
20.8667 0.224299
20.8833 0.224299
20.9 0.224299
20.9167 0.224299
20.9333 0.224299
20.95 0.224299
20.9667 0.224299
20.9833 0.224299
21 0.224299
21.0167 0.224299
21.0333 0.224299
21.05 0.224299
21.0667 0.224299
21.0833 0.224299
21.1 0.224299
21.1167 0.224299
21.1333 0.224299
21.15 0.224299
21.1667 0.224299
21.1833 0.224299
21.2 0.224299
21.2167 0.224299
21.2333 0.224299
21.25 0.224299
21.2667 0.224299
21.2833 0.224299
21.3 0.224299
21.3167 0.224299
21.3333 0.224299
21.35 0.224298
21.3667 0.224298
21.3833 0.224298
21.4 0.224298
21.4167 0.224298
21.4333 0.224298
21.45 0.224298
21.4667 0.224298
21.4833 0.224298
21.5 0.224298
21.5167 0.224298
21.5333 0.224298
21.55 0.224298
21.5667 0.224298
21.5833 0.224298
21.6 0.224298
21.6167 0.224298
21.6333 0.224298
21.65 0.224298
21.6667 0.224298
21.6833 0.224298
21.7 0.224298
21.7167 0.224298
21.7333 0.224298
21.75 0.224298
21.7667 0.224298
21.7833 0.224298
21.8 0.224298
21.8167 0.224298
21.8333 0.224298
21.85 0.224298
21.8667 0.224298
21.8833 0.224297
21.9 0.224297
21.9167 0.224297
21.9333 0.224297
21.95 0.224297
21.9667 0.224297
21.9833 0.224297
22 0.224297
22.0167 0.224297
22.0333 0.224297
22.05 0.224297
22.0667 0.224297
22.0833 0.224297
22.1 0.224297
22.1167 0.224297
22.1333 0.224297
22.15 0.224297
22.1667 0.224297
22.1833 0.224297
22.2 0.224297
22.2167 0.224297
22.2333 0.224297
22.25 0.224297
22.2667 0.224297
22.2833 0.224297
22.3 0.224297
22.3167 0.224297
22.3333 0.224297
22.35 0.224297
22.3667 0.224297
22.3833 0.224296
22.4 0.224296
22.4167 0.224296
22.4333 0.224296
22.45 0.224296
22.4667 0.224296
22.4833 0.224296
22.5 0.224296
22.5167 0.224296
22.5333 0.224296
22.55 0.224296
22.5667 0.224296
22.5833 0.224296
22.6 0.224296
22.6167 0.224296
22.6333 0.224296
22.65 0.224296
22.6667 0.224296
22.6833 0.224296
22.7 0.224296
22.7167 0.224296
22.7333 0.224296
22.75 0.224296
22.7667 0.224296
22.7833 0.224296
22.8 0.224296
22.8167 0.224296
22.8333 0.224296
22.85 0.224296
22.8667 0.224296
22.8833 0.224296
22.9 0.224296
22.9167 0.224296
22.9333 0.224295
22.95 0.224295
22.9667 0.224295
22.9833 0.224295
23 0.224295
23.0167 0.224295
23.0333 0.224295
23.05 0.224295
23.0667 0.224295
23.0833 0.224295
23.1 0.224295
23.1167 0.224295
23.1333 0.224295
23.15 0.224295
23.1667 0.224295
23.1833 0.224295
23.2 0.224295
23.2167 0.224295
23.2333 0.224295
23.25 0.224295
23.2667 0.224295
23.2833 0.224295
23.3 0.224295
23.3167 0.224295
23.3333 0.224295
23.35 0.224295
23.3667 0.224295
23.3833 0.224295
23.4 0.224295
23.4167 0.224295
23.4333 0.224295
23.45 0.224295
23.4667 0.224295
23.4833 0.224295
23.5 0.224295
23.5167 0.224294
23.5333 0.224294
23.55 0.224294
23.5667 0.224294
23.5833 0.224294
23.6 0.224294
23.6167 0.224294
23.6333 0.224294
23.65 0.224294
23.6667 0.224294
23.6833 0.224294
23.7 0.224294
23.7167 0.224294
23.7333 0.224294
23.75 0.224294
23.7667 0.224294
23.7833 0.224294
23.8 0.224294
23.8167 0.224294
23.8333 0.224294
23.85 0.224294
23.8667 0.224294
23.8833 0.224294
23.9 0.224294
23.9167 0.224294
23.9333 0.224294
23.95 0.224294
23.9667 0.224294
23.9833 0.224294
24 0.224294
24.0167 0.224294
24.0333 0.224294
24.05 0.224294
24.0667 0.224294
24.0833 0.224294
24.1 0.224294
24.1167 0.224294
24.1333 0.224294
24.15 0.224294
24.1667 0.224294
24.1833 0.224294
24.2 0.224294
24.2167 0.224294
24.2333 0.224294
24.25 0.224293
24.2667 0.224293
24.2833 0.224293
24.3 0.224293
24.3167 0.224293
24.3333 0.224293
24.35 0.224293
24.3667 0.224293
24.3833 0.224293
24.4 0.224293
24.4167 0.224293
24.4333 0.224293
24.45 0.224293
24.4667 0.224293
24.4833 0.224293
24.5 0.224293
24.5167 0.224293
24.5333 0.224293
24.55 0.224293
24.5667 0.224293
24.5833 0.224293
24.6 0.224293
24.6167 0.224293
24.6333 0.224293
24.65 0.224293
24.6667 0.224293
24.6833 0.224293
24.7 0.224293
24.7167 0.224293
24.7333 0.224293
24.75 0.224293
24.7667 0.224293
24.7833 0.224293
24.8 0.224293
24.8167 0.224293
24.8333 0.224293
24.85 0.224293
24.8667 0.224293
24.8833 0.224293
24.9 0.224293
24.9167 0.224293
24.9333 0.224293
24.95 0.224293
24.9667 0.224293
24.9833 0.224293
25 0.224293
25.0167 0.224293
25.0333 0.224293
25.05 0.224293
25.0667 0.224292
25.0833 0.224292
25.1 0.224292
25.1167 0.224292
25.1333 0.224292
25.15 0.224292
25.1667 0.224292
25.1833 0.224292
25.2 0.224292
25.2167 0.224292
25.2333 0.224292
25.25 0.224292
25.2667 0.224292
25.2833 0.224292
25.3 0.224292
25.3167 0.224292
25.3333 0.224292
25.35 0.224292
25.3667 0.224292
25.3833 0.224292
25.4 0.224292
25.4167 0.224292
25.4333 0.224292
25.45 0.224292
25.4667 0.224292
25.4833 0.224292
25.5 0.224292
25.5167 0.224292
25.5333 0.224292
25.55 0.224292
25.5667 0.224292
25.5833 0.224292
25.6 0.224292
25.6167 0.224292
25.6333 0.224292
25.65 0.224292
25.6667 0.224292
25.6833 0.224292
25.7 0.224292
25.7167 0.224292
25.7333 0.224292
25.75 0.224292
25.7667 0.224292
25.7833 0.224292
25.8 0.224292
25.8167 0.224292
25.8333 0.224292
25.85 0.224292
25.8667 0.224292
25.8833 0.224292
25.9 0.224292
25.9167 0.224292
25.9333 0.224292
25.95 0.224292
25.9667 0.224292
25.9833 0.224292
26 0.224292
26.0167 0.224292
26.0333 0.224292
26.05 0.224292
26.0667 0.224292
26.0833 0.224292
26.1 0.224291
26.1167 0.224291
26.1333 0.224291
26.15 0.224291
26.1667 0.224291
26.1833 0.224291
26.2 0.224291
26.2167 0.224291
26.2333 0.224291
26.25 0.224291
26.2667 0.224291
26.2833 0.224291
26.3 0.224291
26.3167 0.224291
26.3333 0.224291
26.35 0.224291
26.3667 0.224291
26.3833 0.224291
26.4 0.224291
26.4167 0.224291
26.4333 0.224291
26.45 0.224291
26.4667 0.224291
26.4833 0.224291
26.5 0.224291
26.5167 0.224291
26.5333 0.224291
26.55 0.224291
26.5667 0.224291
26.5833 0.224291
26.6 0.224291
26.6167 0.224291
26.6333 0.224291
26.65 0.224291
26.6667 0.224291
26.6833 0.224291
26.7 0.224291
26.7167 0.224291
26.7333 0.224291
26.75 0.224291
26.7667 0.224291
26.7833 0.224291
26.8 0.224291
26.8167 0.224291
26.8333 0.224291
26.85 0.224291
26.8667 0.224291
26.8833 0.224291
26.9 0.224291
26.9167 0.224291
26.9333 0.224291
26.95 0.224291
26.9667 0.224291
26.9833 0.224291
27 0.224291
27.0167 0.224291
27.0333 0.224291
27.05 0.224291
27.0667 0.22429
27.0833 0.22429
27.1 0.22429
27.1167 0.22429
27.1333 0.22429
27.15 0.22429
27.1667 0.22429
27.1833 0.22429
27.2 0.22429
27.2167 0.22429
27.2333 0.22429
27.25 0.22429
27.2667 0.22429
27.2833 0.22429
27.3 0.22429
27.3167 0.22429
27.3333 0.22429
27.35 0.22429
27.3667 0.22429
27.3833 0.22429
27.4 0.22429
27.4167 0.22429
27.4333 0.22429
27.45 0.22429
27.4667 0.22429
27.4833 0.22429
27.5 0.22429
27.5167 0.22429
27.5333 0.22429
27.55 0.22429
27.5667 0.22429
27.5833 0.22429
27.6 0.22429
27.6167 0.22429
27.6333 0.22429
27.65 0.22429
27.6667 0.22429
27.6833 0.22429
27.7 0.22429
27.7167 0.22429
27.7333 0.22429
27.75 0.22429
27.7667 0.22429
27.7833 0.22429
27.8 0.22429
27.8167 0.22429
27.8333 0.22429
27.85 0.224289
27.8667 0.224289
27.8833 0.224289
27.9 0.224289
27.9167 0.224289
27.9333 0.224289
27.95 0.224289
27.9667 0.224289
27.9833 0.224289
28 0.224289
28.0167 0.224289
28.0333 0.224289
28.05 0.224289
28.0667 0.224289
28.0833 0.224289
28.1 0.224289
28.1167 0.224289
28.1333 0.224289
28.15 0.224289
28.1667 0.224289
28.1833 0.224289
28.2 0.224289
28.2167 0.224289
28.2333 0.224289
28.25 0.224289
28.2667 0.224289
28.2833 0.224289
28.3 0.224289
28.3167 0.224289
28.3333 0.224289
28.35 0.224289
28.3667 0.224289
28.3833 0.224289
28.4 0.224289
28.4167 0.224289
28.4333 0.224289
28.45 0.224289
28.4667 0.224289
28.4833 0.224289
28.5 0.224288
28.5167 0.224288
28.5333 0.224288
28.55 0.224288
28.5667 0.224288
28.5833 0.224288
28.6 0.224288
28.6167 0.224288
28.6333 0.224288
28.65 0.224288
28.6667 0.224288
28.6833 0.224288
28.7 0.224288
28.7167 0.224288
28.7333 0.224288
28.75 0.224288
28.7667 0.224288
28.7833 0.224288
28.8 0.224288
28.8167 0.224288
28.8333 0.224288
28.85 0.224288
28.8667 0.224288
28.8833 0.224288
28.9 0.224288
28.9167 0.224288
28.9333 0.224288
28.95 0.224288
28.9667 0.224288
28.9833 0.224288
29 0.224288
29.0167 0.224288
29.0333 0.224288
29.05 0.224288
29.0667 0.224287
29.0833 0.224287
29.1 0.224287
29.1167 0.224287
29.1333 0.224287
29.15 0.224287
29.1667 0.224287
29.1833 0.224287
29.2 0.224287
29.2167 0.224287
29.2333 0.224287
29.25 0.224287
29.2667 0.224287
29.2833 0.224287
29.3 0.224287
29.3167 0.224287
29.3333 0.224287
29.35 0.224287
29.3667 0.224287
29.3833 0.224287
29.4 0.224287
29.4167 0.224287
29.4333 0.224287
29.45 0.224287
29.4667 0.224287
29.4833 0.224287
29.5 0.224287
29.5167 0.224287
29.5333 0.224287
29.55 0.224287
29.5667 0.224287
29.5833 0.224286
29.6 0.224286
29.6167 0.224286
29.6333 0.224286
29.65 0.224286
29.6667 0.224286
29.6833 0.224286
29.7 0.224286
29.7167 0.224286
29.7333 0.224286
29.75 0.224286
29.7667 0.224286
29.7833 0.224286
29.8 0.224286
29.8167 0.224286
29.8333 0.224286
29.85 0.224286
29.8667 0.224286
29.8833 0.224286
29.9 0.224286
29.9167 0.224286
29.9333 0.224286
29.95 0.224286
29.9667 0.224286
29.9833 0.224286
30 0.224286
30.0167 0.224286
30.0333 0.224286
30.05 0.224286
30.0667 0.224286
30.0833 0.224286
30.1 0.224285
30.1167 0.224285
30.1333 0.224285
30.15 0.224285
30.1667 0.224285
30.1833 0.224285
30.2 0.224285
30.2167 0.224285
30.2333 0.224285
30.25 0.224285
30.2667 0.224285
30.2833 0.224285
30.3 0.224285
30.3167 0.224285
30.3333 0.224285
30.35 0.224285
30.3667 0.224285
30.3833 0.224285
30.4 0.224285
30.4167 0.224285
30.4333 0.224285
30.45 0.224285
30.4667 0.224285
30.4833 0.224285
30.5 0.224285
30.5167 0.224285
30.5333 0.224285
30.55 0.224285
30.5667 0.224285
30.5833 0.224285
30.6 0.224284
30.6167 0.224284
30.6333 0.224284
30.65 0.224284
30.6667 0.224284
30.6833 0.224284
30.7 0.224284
30.7167 0.224284
30.7333 0.224284
30.75 0.224284
30.7667 0.224284
30.7833 0.224284
30.8 0.224284
30.8167 0.224284
30.8333 0.224284
30.85 0.224284
30.8667 0.224284
30.8833 0.224284
30.9 0.224284
30.9167 0.224284
30.9333 0.224284
30.95 0.224284
30.9667 0.224284
30.9833 0.224284
31 0.224284
31.0167 0.224284
31.0333 0.224284
31.05 0.224284
31.0667 0.224284
31.0833 0.224284
31.1 0.224283
31.1167 0.224283
31.1333 0.224283
31.15 0.224283
31.1667 0.224283
31.1833 0.224283
31.2 0.224283
31.2167 0.224283
31.2333 0.224283
31.25 0.224283
31.2667 0.224283
31.2833 0.224283
31.3 0.224283
31.3167 0.224283
31.3333 0.224283
31.35 0.224283
31.3667 0.224283
31.3833 0.224283
31.4 0.224283
31.4167 0.224283
31.4333 0.224283
31.45 0.224283
31.4667 0.224283
31.4833 0.224283
31.5 0.224283
31.5167 0.224283
31.5333 0.224283
31.55 0.224283
31.5667 0.224283
31.5833 0.224283
31.6 0.224283
31.6167 0.224283
31.6333 0.224282
31.65 0.224282
31.6667 0.224282
31.6833 0.224282
31.7 0.224282
31.7167 0.224282
31.7333 0.224282
31.75 0.224282
31.7667 0.224282
31.7833 0.224282
31.8 0.224282
31.8167 0.224282
31.8333 0.224282
31.85 0.224282
31.8667 0.224282
31.8833 0.224282
31.9 0.224282
31.9167 0.224282
31.9333 0.224282
31.95 0.224282
31.9667 0.224282
31.9833 0.224282
32 0.224282
32.0167 0.224282
32.0333 0.224282
32.05 0.224282
32.0667 0.224282
32.0833 0.224282
32.1 0.224282
32.1167 0.224282
32.1333 0.224282
32.15 0.224282
32.1667 0.224282
32.1833 0.224281
32.2 0.224281
32.2167 0.224281
32.2333 0.224281
32.25 0.224281
32.2667 0.224281
32.2833 0.224281
32.3 0.224281
32.3167 0.224281
32.3333 0.224281
32.35 0.224281
32.3667 0.224281
32.3833 0.224281
32.4 0.224281
32.4167 0.224281
32.4333 0.224281
32.45 0.224281
32.4667 0.224281
32.4833 0.224281
32.5 0.224281
32.5167 0.224281
32.5333 0.224281
32.55 0.224281
32.5667 0.224281
32.5833 0.224281
32.6 0.224281
32.6167 0.224281
32.6333 0.224281
32.65 0.224281
32.6667 0.224281
32.6833 0.224281
32.7 0.224281
32.7167 0.224281
32.7333 0.224281
32.75 0.224281
32.7667 0.224281
32.7833 0.22428
32.8 0.22428
32.8167 0.22428
32.8333 0.22428
32.85 0.22428
32.8667 0.22428
32.8833 0.22428
32.9 0.22428
32.9167 0.22428
32.9333 0.22428
32.95 0.22428
32.9667 0.22428
32.9833 0.22428
33 0.22428
33.0167 0.22428
33.0333 0.22428
33.05 0.22428
33.0667 0.22428
33.0833 0.22428
33.1 0.22428
33.1167 0.22428
33.1333 0.22428
33.15 0.22428
33.1667 0.22428
33.1833 0.22428
33.2 0.22428
33.2167 0.22428
33.2333 0.22428
33.25 0.22428
33.2667 0.22428
33.2833 0.22428
33.3 0.22428
33.3167 0.22428
33.3333 0.22428
33.35 0.22428
33.3667 0.22428
33.3833 0.22428
33.4 0.22428
33.4167 0.22428
33.4333 0.22428
33.45 0.22428
33.4667 0.22428
33.4833 0.224279
33.5 0.224279
33.5167 0.224279
33.5333 0.224279
33.55 0.224279
33.5667 0.224279
33.5833 0.224279
33.6 0.224279
33.6167 0.224279
33.6333 0.224279
33.65 0.224279
33.6667 0.224279
33.6833 0.224279
33.7 0.224279
33.7167 0.224279
33.7333 0.224279
33.75 0.224279
33.7667 0.224279
33.7833 0.224279
33.8 0.224279
33.8167 0.224279
33.8333 0.224279
33.85 0.224279
33.8667 0.224279
33.8833 0.224279
33.9 0.224279
33.9167 0.224279
33.9333 0.224279
33.95 0.224279
33.9667 0.224279
33.9833 0.224279
34 0.224279
34.0167 0.224279
34.0333 0.224279
34.05 0.224279
34.0667 0.224279
34.0833 0.224279
34.1 0.224279
34.1167 0.224279
34.1333 0.224279
34.15 0.224279
34.1667 0.224279
34.1833 0.224279
34.2 0.224279
34.2167 0.224279
34.2333 0.224279
34.25 0.224279
34.2667 0.224279
34.2833 0.224279
34.3 0.224279
34.3167 0.224279
34.3333 0.224279
34.35 0.224279
34.3667 0.224279
34.3833 0.224279
34.4 0.224279
34.4167 0.224279
34.4333 0.224279
34.45 0.224279
34.4667 0.224279
34.4833 0.224279
34.5 0.224279
34.5167 0.224279
34.5333 0.224279
34.55 0.224279
34.5667 0.224279
34.5833 0.224279
34.6 0.224279
34.6167 0.224279
34.6333 0.224279
34.65 0.224278
34.6667 0.224278
34.6833 0.224278
34.7 0.224278
34.7167 0.224278
34.7333 0.224278
34.75 0.224278
34.7667 0.224278
34.7833 0.224278
34.8 0.224278
34.8167 0.224278
34.8333 0.224278
34.85 0.224278
34.8667 0.224278
34.8833 0.224278
34.9 0.224278
34.9167 0.224278
34.9333 0.224278
34.95 0.224278
34.9667 0.224278
34.9833 0.224278
35 0.224278
35.0167 0.224278
35.0333 0.224278
35.05 0.224278
35.0667 0.224278
35.0833 0.224278
35.1 0.224278
35.1167 0.224278
35.1333 0.224278
35.15 0.224278
35.1667 0.224278
35.1833 0.224278
35.2 0.224278
35.2167 0.224278
35.2333 0.224278
35.25 0.224278
35.2667 0.224278
35.2833 0.224278
35.3 0.224278
35.3167 0.224278
35.3333 0.224278
35.35 0.224278
35.3667 0.224278
35.3833 0.224278
35.4 0.224278
35.4167 0.224279
35.4333 0.224279
35.45 0.224279
35.4667 0.224279
35.4833 0.224279
35.5 0.224279
35.5167 0.224279
35.5333 0.224279
35.55 0.224279
35.5667 0.224279
35.5833 0.224279
35.6 0.224279
35.6167 0.224279
35.6333 0.224279
35.65 0.224279
35.6667 0.224279
35.6833 0.224279
35.7 0.224279
35.7167 0.224279
35.7333 0.224279
35.75 0.224279
35.7667 0.224279
35.7833 0.224279
35.8 0.224279
35.8167 0.224279
35.8333 0.224279
35.85 0.224279
35.8667 0.224279
35.8833 0.224279
35.9 0.224279
35.9167 0.224279
35.9333 0.224279
35.95 0.224279
35.9667 0.224279
35.9833 0.224279
36 0.224279
36.0167 0.224279
36.0333 0.224279
36.05 0.224279
36.0667 0.224279
36.0833 0.224279
36.1 0.224279
36.1167 0.224279
36.1333 0.224279
36.15 0.224279
36.1667 0.224279
36.1833 0.224279
36.2 0.224279
36.2167 0.224279
36.2333 0.224279
36.25 0.224279
36.2667 0.224279
36.2833 0.224279
36.3 0.224279
36.3167 0.224279
36.3333 0.224279
36.35 0.224279
36.3667 0.22428
36.3833 0.22428
36.4 0.22428
36.4167 0.22428
36.4333 0.22428
36.45 0.22428
36.4667 0.22428
36.4833 0.22428
36.5 0.22428
36.5167 0.22428
36.5333 0.22428
36.55 0.22428
36.5667 0.22428
36.5833 0.22428
36.6 0.22428
36.6167 0.22428
36.6333 0.22428
36.65 0.22428
36.6667 0.22428
36.6833 0.22428
36.7 0.22428
36.7167 0.22428
36.7333 0.22428
36.75 0.22428
36.7667 0.22428
36.7833 0.22428
36.8 0.22428
36.8167 0.22428
36.8333 0.22428
36.85 0.22428
36.8667 0.224281
36.8833 0.224281
36.9 0.224281
36.9167 0.224281
36.9333 0.224281
36.95 0.224281
36.9667 0.224281
36.9833 0.224281
37 0.224281
37.0167 0.224281
37.0333 0.224281
37.05 0.224281
37.0667 0.224281
37.0833 0.224281
37.1 0.224281
37.1167 0.224281
37.1333 0.224281
37.15 0.224281
37.1667 0.224281
37.1833 0.224281
37.2 0.224281
37.2167 0.224281
37.2333 0.224281
37.25 0.224282
37.2667 0.224282
37.2833 0.224282
37.3 0.224282
37.3167 0.224282
37.3333 0.224282
37.35 0.224282
37.3667 0.224282
37.3833 0.224282
37.4 0.224282
37.4167 0.224282
37.4333 0.224282
37.45 0.224282
37.4667 0.224282
37.4833 0.224282
37.5 0.224282
37.5167 0.224282
37.5333 0.224282
37.55 0.224282
37.5667 0.224283
37.5833 0.224283
37.6 0.224283
37.6167 0.224283
37.6333 0.224283
37.65 0.224283
37.6667 0.224283
37.6833 0.224283
37.7 0.224283
37.7167 0.224283
37.7333 0.224283
37.75 0.224283
37.7667 0.224283
37.7833 0.224283
37.8 0.224283
37.8167 0.224283
37.8333 0.224283
37.85 0.224283
37.8667 0.224284
37.8833 0.224284
37.9 0.224284
37.9167 0.224284
37.9333 0.224284
37.95 0.224284
37.9667 0.224284
37.9833 0.224284
38 0.224284
38.0167 0.224284
38.0333 0.224284
38.05 0.224284
38.0667 0.224284
38.0833 0.224284
38.1 0.224284
38.1167 0.224284
38.1333 0.224285
38.15 0.224285
38.1667 0.224285
38.1833 0.224285
38.2 0.224285
38.2167 0.224285
38.2333 0.224285
38.25 0.224285
38.2667 0.224285
38.2833 0.224285
38.3 0.224285
38.3167 0.224285
38.3333 0.224285
38.35 0.224285
38.3667 0.224286
38.3833 0.224286
38.4 0.224286
38.4167 0.224286
38.4333 0.224286
38.45 0.224286
38.4667 0.224286
38.4833 0.224286
38.5 0.224286
38.5167 0.224286
38.5333 0.224286
38.55 0.224286
38.5667 0.224286
38.5833 0.224286
38.6 0.224286
38.6167 0.224287
38.6333 0.224287
38.65 0.224287
38.6667 0.224287
38.6833 0.224287
38.7 0.224287
38.7167 0.224287
38.7333 0.224287
38.75 0.224287
38.7667 0.224287
38.7833 0.224287
38.8 0.224287
38.8167 0.224287
38.8333 0.224288
38.85 0.224288
38.8667 0.224288
38.8833 0.224288
38.9 0.224288
38.9167 0.224288
38.9333 0.224288
38.95 0.224288
38.9667 0.224288
38.9833 0.224288
39 0.224288
39.0167 0.224288
39.0333 0.224288
39.05 0.224289
39.0667 0.224289
39.0833 0.224289
39.1 0.224289
39.1167 0.224289
39.1333 0.224289
39.15 0.224289
39.1667 0.224289
39.1833 0.224289
39.2 0.224289
39.2167 0.224289
39.2333 0.224289
39.25 0.224289
39.2667 0.22429
39.2833 0.22429
39.3 0.22429
39.3167 0.22429
39.3333 0.22429
39.35 0.22429
39.3667 0.22429
39.3833 0.22429
39.4 0.22429
39.4167 0.22429
39.4333 0.22429
39.45 0.22429
39.4667 0.22429
39.4833 0.224291
39.5 0.224291
39.5167 0.224291
39.5333 0.224291
39.55 0.224291
39.5667 0.224291
39.5833 0.224291
39.6 0.224291
39.6167 0.224291
39.6333 0.224291
39.65 0.224291
39.6667 0.224291
39.6833 0.224292
39.7 0.224292
39.7167 0.224292
39.7333 0.224292
39.75 0.224292
39.7667 0.224292
39.7833 0.224292
39.8 0.224292
39.8167 0.224292
39.8333 0.224292
39.85 0.224292
39.8667 0.224292
39.8833 0.224292
39.9 0.224293
39.9167 0.224293
39.9333 0.224293
39.95 0.224293
39.9667 0.224293
39.9833 0.224293
40 0.224293
40.0167 0.224293
40.0333 0.224293
40.05 0.224293
40.0667 0.224293
40.0833 0.224293
40.1 0.224293
40.1167 0.224294
40.1333 0.224294
40.15 0.224294
40.1667 0.224294
40.1833 0.224294
40.2 0.224294
40.2167 0.224294
40.2333 0.224294
40.25 0.224294
40.2667 0.224294
40.2833 0.224294
40.3 0.224294
40.3167 0.224295
40.3333 0.224295
40.35 0.224295
40.3667 0.224295
40.3833 0.224295
40.4 0.224295
40.4167 0.224295
40.4333 0.224295
40.45 0.224295
40.4667 0.224295
40.4833 0.224295
40.5 0.224295
40.5167 0.224295
40.5333 0.224296
40.55 0.224296
40.5667 0.224296
40.5833 0.224296
40.6 0.224296
40.6167 0.224296
40.6333 0.224296
40.65 0.224296
40.6667 0.224296
40.6833 0.224296
40.7 0.224296
40.7167 0.224296
40.7333 0.224296
40.75 0.224296
40.7667 0.224297
40.7833 0.224297
40.8 0.224297
40.8167 0.224297
40.8333 0.224297
40.85 0.224297
40.8667 0.224297
40.8833 0.224297
40.9 0.224297
40.9167 0.224297
40.9333 0.224297
40.95 0.224297
40.9667 0.224297
40.9833 0.224298
41 0.224298
41.0167 0.224298
41.0333 0.224298
41.05 0.224298
41.0667 0.224298
41.0833 0.224298
41.1 0.224298
41.1167 0.224298
41.1333 0.224298
41.15 0.224298
41.1667 0.224298
41.1833 0.224298
41.2 0.224298
41.2167 0.224298
41.2333 0.224299
41.25 0.224299
41.2667 0.224299
41.2833 0.224299
41.3 0.224299
41.3167 0.224299
41.3333 0.224299
41.35 0.224299
41.3667 0.224299
41.3833 0.224299
41.4 0.224299
41.4167 0.224299
41.4333 0.224299
41.45 0.224299
41.4667 0.224299
41.4833 0.2243
41.5 0.2243
41.5167 0.2243
41.5333 0.2243
41.55 0.2243
41.5667 0.2243
41.5833 0.2243
41.6 0.2243
41.6167 0.2243
41.6333 0.2243
41.65 0.2243
41.6667 0.2243
41.6833 0.2243
41.7 0.2243
41.7167 0.2243
41.7333 0.2243
41.75 0.2243
41.7667 0.224301
41.7833 0.224301
41.8 0.224301
41.8167 0.224301
41.8333 0.224301
41.85 0.224301
41.8667 0.224301
41.8833 0.224301
41.9 0.224301
41.9167 0.224301
41.9333 0.224301
41.95 0.224301
41.9667 0.224301
41.9833 0.224301
42 0.224301
42.0167 0.224301
42.0333 0.224301
42.05 0.224301
42.0667 0.224302
42.0833 0.224302
42.1 0.224302
42.1167 0.224302
42.1333 0.224302
42.15 0.224302
42.1667 0.224302
42.1833 0.224302
42.2 0.224302
42.2167 0.224302
42.2333 0.224302
42.25 0.224302
42.2667 0.224302
42.2833 0.224302
42.3 0.224302
42.3167 0.224302
42.3333 0.224302
42.35 0.224302
42.3667 0.224302
42.3833 0.224302
42.4 0.224302
42.4167 0.224303
42.4333 0.224303
42.45 0.224303
42.4667 0.224303
42.4833 0.224303
42.5 0.224303
42.5167 0.224303
42.5333 0.224303
42.55 0.224303
42.5667 0.224303
42.5833 0.224303
42.6 0.224303
42.6167 0.224303
42.6333 0.224303
42.65 0.224303
42.6667 0.224303
42.6833 0.224303
42.7 0.224303
42.7167 0.224303
42.7333 0.224303
42.75 0.224303
42.7667 0.224303
42.7833 0.224303
42.8 0.224303
42.8167 0.224303
42.8333 0.224303
42.85 0.224303
42.8667 0.224304
42.8833 0.224304
42.9 0.224304
42.9167 0.224304
42.9333 0.224304
42.95 0.224304
42.9667 0.224304
42.9833 0.224304
43 0.224304
43.0167 0.224304
43.0333 0.224304
43.05 0.224304
43.0667 0.224304
43.0833 0.224304
43.1 0.224304
43.1167 0.224304
43.1333 0.224304
43.15 0.224304
43.1667 0.224304
43.1833 0.224304
43.2 0.224304
43.2167 0.224304
43.2333 0.224304
43.25 0.224304
43.2667 0.224304
43.2833 0.224304
43.3 0.224304
43.3167 0.224304
43.3333 0.224304
43.35 0.224304
43.3667 0.224304
43.3833 0.224304
43.4 0.224304
43.4167 0.224304
43.4333 0.224304
43.45 0.224304
43.4667 0.224304
43.4833 0.224304
43.5 0.224304
43.5167 0.224304
43.5333 0.224304
43.55 0.224304
43.5667 0.224304
43.5833 0.224305
43.6 0.224305
43.6167 0.224305
43.6333 0.224305
43.65 0.224305
43.6667 0.224305
43.6833 0.224305
43.7 0.224305
43.7167 0.224305
43.7333 0.224305
43.75 0.224305
43.7667 0.224305
43.7833 0.224305
43.8 0.224305
43.8167 0.224305
43.8333 0.224305
43.85 0.224305
43.8667 0.224305
43.8833 0.224305
43.9 0.224305
43.9167 0.224305
43.9333 0.224305
43.95 0.224305
43.9667 0.224305
43.9833 0.224305
44 0.224305
44.0167 0.224305
44.0333 0.224305
44.05 0.224305
44.0667 0.224305
44.0833 0.224305
44.1 0.224305
44.1167 0.224305
44.1333 0.224305
44.15 0.224305
44.1667 0.224305
44.1833 0.224305
44.2 0.224305
44.2167 0.224305
44.2333 0.224305
44.25 0.224305
44.2667 0.224305
44.2833 0.224305
44.3 0.224305
44.3167 0.224305
44.3333 0.224305
44.35 0.224305
44.3667 0.224305
44.3833 0.224305
44.4 0.224305
44.4167 0.224305
44.4333 0.224305
44.45 0.224305
44.4667 0.224305
44.4833 0.224305
44.5 0.224305
44.5167 0.224305
44.5333 0.224305
44.55 0.224305
44.5667 0.224305
44.5833 0.224305
44.6 0.224305
44.6167 0.224305
44.6333 0.224305
44.65 0.224305
44.6667 0.224305
44.6833 0.224305
44.7 0.224305
44.7167 0.224305
44.7333 0.224305
44.75 0.224305
44.7667 0.224305
44.7833 0.224305
44.8 0.224304
44.8167 0.224304
44.8333 0.224304
44.85 0.224304
44.8667 0.224304
44.8833 0.224304
44.9 0.224304
44.9167 0.224304
44.9333 0.224304
44.95 0.224304
44.9667 0.224304
44.9833 0.224304
45 0.224304
45.0167 0.224304
45.0333 0.224304
45.05 0.224304
45.0667 0.224304
45.0833 0.224304
45.1 0.224304
45.1167 0.224304
45.1333 0.224304
45.15 0.224304
45.1667 0.224304
45.1833 0.224304
45.2 0.224304
45.2167 0.224304
45.2333 0.224304
45.25 0.224304
45.2667 0.224304
45.2833 0.224304
45.3 0.224304
45.3167 0.224304
45.3333 0.224304
45.35 0.224304
45.3667 0.224304
45.3833 0.224304
45.4 0.224304
45.4167 0.224304
45.4333 0.224304
45.45 0.224304
45.4667 0.224304
45.4833 0.224304
45.5 0.224304
45.5167 0.224304
45.5333 0.224304
45.55 0.224304
45.5667 0.224304
45.5833 0.224304
45.6 0.224304
45.6167 0.224303
45.6333 0.224303
45.65 0.224303
45.6667 0.224303
45.6833 0.224303
45.7 0.224303
45.7167 0.224303
45.7333 0.224303
45.75 0.224303
45.7667 0.224303
45.7833 0.224303
45.8 0.224303
45.8167 0.224303
45.8333 0.224303
45.85 0.224303
45.8667 0.224303
45.8833 0.224303
45.9 0.224303
45.9167 0.224303
45.9333 0.224303
45.95 0.224303
45.9667 0.224303
45.9833 0.224303
46 0.224303
46.0167 0.224303
46.0333 0.224303
46.05 0.224303
46.0667 0.224303
46.0833 0.224303
46.1 0.224303
46.1167 0.224303
46.1333 0.224303
46.15 0.224303
46.1667 0.224303
46.1833 0.224302
46.2 0.224302
46.2167 0.224302
46.2333 0.224302
46.25 0.224302
46.2667 0.224302
46.2833 0.224302
46.3 0.224302
46.3167 0.224302
46.3333 0.224302
46.35 0.224302
46.3667 0.224302
46.3833 0.224302
46.4 0.224302
46.4167 0.224302
46.4333 0.224302
46.45 0.224302
46.4667 0.224302
46.4833 0.224302
46.5 0.224302
46.5167 0.224302
46.5333 0.224302
46.55 0.224302
46.5667 0.224302
46.5833 0.224302
46.6 0.224302
46.6167 0.224302
46.6333 0.224302
46.65 0.224302
46.6667 0.224301
46.6833 0.224301
46.7 0.224301
46.7167 0.224301
46.7333 0.224301
46.75 0.224301
46.7667 0.224301
46.7833 0.224301
46.8 0.224301
46.8167 0.224301
46.8333 0.224301
46.85 0.224301
46.8667 0.224301
46.8833 0.224301
46.9 0.224301
46.9167 0.224301
46.9333 0.224301
46.95 0.224301
46.9667 0.224301
46.9833 0.224301
47 0.224301
47.0167 0.224301
47.0333 0.224301
47.05 0.224301
47.0667 0.224301
47.0833 0.224301
47.1 0.224301
47.1167 0.2243
47.1333 0.2243
47.15 0.2243
47.1667 0.2243
47.1833 0.2243
47.2 0.2243
47.2167 0.2243
47.2333 0.2243
47.25 0.2243
47.2667 0.2243
47.2833 0.2243
47.3 0.2243
47.3167 0.2243
47.3333 0.2243
47.35 0.2243
47.3667 0.2243
47.3833 0.2243
47.4 0.2243
47.4167 0.2243
47.4333 0.2243
47.45 0.2243
47.4667 0.2243
47.4833 0.2243
47.5 0.2243
47.5167 0.2243
47.5333 0.2243
47.55 0.2243
47.5667 0.224299
47.5833 0.224299
47.6 0.224299
47.6167 0.224299
47.6333 0.224299
47.65 0.224299
47.6667 0.224299
47.6833 0.224299
47.7 0.224299
47.7167 0.224299
47.7333 0.224299
47.75 0.224299
47.7667 0.224299
47.7833 0.224299
47.8 0.224299
47.8167 0.224299
47.8333 0.224299
47.85 0.224299
47.8667 0.224299
47.8833 0.224299
47.9 0.224299
47.9167 0.224299
47.9333 0.224299
47.95 0.224299
47.9667 0.224299
47.9833 0.224299
48 0.224299
