0 0
0.0166667 0
0.0333333 0
0.05 0
0.0666667 0
0.0833333 0
0.1 0
0.116667 0
0.133333 0
0.15 0
0.166667 0
0.183333 0
0.2 0
0.216667 0
0.233333 0
0.25 0
0.266667 0
0.283333 0
0.3 0
0.316667 0
0.333333 0
0.35 0
0.366667 0
0.383333 0
0.4 0
0.416667 0
0.433333 0
0.45 0
0.466667 0
0.483333 0
0.5 0
0.516667 0
0.533333 0
0.55 0
0.566667 0
0.583333 0
0.6 0
0.616667 0
0.633333 0
0.65 0
0.666667 0
0.683333 0
0.7 0
0.716667 0.225798
0.733333 0.518004
0.75 0.568223
0.766667 0.568223
0.783333 0.568223
0.8 0.568223
0.816667 0.568222
0.833333 0.568222
0.85 0.568222
0.866667 0.568221
0.883333 0.568221
0.9 0.568221
0.916667 0.568221
0.933333 0.56822
0.95 0.56822
0.966667 0.56822
0.983333 0.568219
1 0.568219
1.01667 0.568219
1.03333 0.568218
1.05 0.568218
1.06667 0.568218
1.08333 0.568217
1.1 0.568217
1.11667 0.568217
1.13333 0.568216
1.15 0.568216
1.16667 0.568215
1.18333 0.568215
1.2 0.568215
1.21667 0.568214
1.23333 0.568214
1.25 0.568213
1.26667 0.568213
1.28333 0.568213
1.3 0.568212
1.31667 0.568212
1.33333 0.568211
1.35 0.568211
1.36667 0.56821
1.38333 0.56821
1.4 0.568209
1.41667 0.568209
1.43333 0.568209
1.45 0.568208
1.46667 0.568208
1.48333 0.568207
1.5 0.568207
1.51667 0.568206
1.53333 0.568206
1.55 0.568205
1.56667 0.568205
1.58333 0.568204
1.6 0.568204
1.61667 0.568203
1.63333 0.568202
1.65 0.568202
1.66667 0.568201
1.68333 0.568201
1.7 0.5682
1.71667 0.5682
1.73333 0.568199
1.75 0.568198
1.76667 0.568198
1.78333 0.568197
1.8 0.568197
1.81667 0.568196
1.83333 0.568195
1.85 0.568195
1.86667 0.568194
1.88333 0.568194
1.9 0.568193
1.91667 0.568192
1.93333 0.568192
1.95 0.568191
1.96667 0.56819
1.98333 0.56819
2 0.568189
2.01667 0.568188
2.03333 0.568188
2.05 0.568187
2.06667 0.568186
2.08333 0.568186
2.1 0.568185
2.11667 0.568184
2.13333 0.568184
2.15 0.568183
2.16667 0.568182
2.18333 0.568181
2.2 0.568181
2.21667 0.56818
2.23333 0.568179
2.25 0.568179
2.26667 0.568178
2.28333 0.568177
2.3 0.568176
2.31667 0.568176
2.33333 0.568175
2.35 0.568174
2.36667 0.568173
2.38333 0.568172
2.4 0.568172
2.41667 0.568171
2.43333 0.56817
2.45 0.568169
2.46667 0.568168
2.48333 0.568168
2.5 0.568167
2.51667 0.568166
2.53333 0.568165
2.55 0.568164
2.56667 0.568164
2.58333 0.568163
2.6 0.568162
2.61667 0.568161
2.63333 0.56816
2.65 0.568159
2.66667 0.568158
2.68333 0.568158
2.7 0.568157
2.71667 0.568156
2.73333 0.568155
2.75 0.568154
2.76667 0.568153
2.78333 0.568152
2.8 0.568151
2.81667 0.56815
2.83333 0.56815
2.85 0.568149
2.86667 0.568148
2.88333 0.568147
2.9 0.568146
2.91667 0.568145
2.93333 0.568144
2.95 0.568143
2.96667 0.568142
2.98333 0.568141
3 0.56814
3.01667 0.568139
3.03333 0.568138
3.05 0.568137
3.06667 0.568136
3.08333 0.568135
3.1 0.568134
3.11667 0.568133
3.13333 0.568132
3.15 0.568131
3.16667 0.56813
3.18333 0.568129
3.2 0.568128
3.21667 0.568127
3.23333 0.568126
3.25 0.568125
3.26667 0.568124
3.28333 0.568123
3.3 0.568122
3.31667 0.568121
3.33333 0.56812
3.35 0.568119
3.36667 0.568118
3.38333 0.568117
3.4 0.568116
3.41667 0.568115
3.43333 0.568114
3.45 0.568113
3.46667 0.568112
3.48333 0.568111
3.5 0.568109
3.51667 0.568108
3.53333 0.568107
3.55 0.568106
3.56667 0.568105
3.58333 0.568104
3.6 0.568103
3.61667 0.568102
3.63333 0.568101
3.65 0.5681
3.66667 0.568098
3.68333 0.568097
3.7 0.568096
3.71667 0.568095
3.73333 0.568094
3.75 0.568093
3.76667 0.568092
3.78333 0.56809
3.8 0.568089
3.81667 0.568088
3.83333 0.568087
3.85 0.568086
3.86667 0.568085
3.88333 0.568084
3.9 0.568082
3.91667 0.568081
3.93333 0.56808
3.95 0.568079
3.96667 0.568078
3.98333 0.568076
4 0.568075
4.01667 0.568074
4.03333 0.568073
4.05 0.568072
4.06667 0.568071
4.08333 0.568069
4.1 0.568068
4.11667 0.568067
4.13333 0.568066
4.15 0.568064
4.16667 0.568063
4.18333 0.568062
4.2 0.568061
4.21667 0.56806
4.23333 0.568058
4.25 0.568057
4.26667 0.568056
4.28333 0.568055
4.3 0.568053
4.31667 0.568052
4.33333 0.568051
4.35 0.56805
4.36667 0.568048
4.38333 0.568047
4.4 0.568046
4.41667 0.568045
4.43333 0.568043
4.45 0.568042
4.46667 0.568041
4.48333 0.56804
4.5 0.568038
4.51667 0.568037
4.53333 0.568036
4.55 0.568034
4.56667 0.568033
4.58333 0.568032
4.6 0.568031
4.61667 0.568029
4.63333 0.568028
4.65 0.568027
4.66667 0.568025
4.68333 0.568024
4.7 0.568023
4.71667 0.568021
4.73333 0.56802
4.75 0.568019
4.76667 0.568017
4.78333 0.568016
4.8 0.568015
4.81667 0.568014
4.83333 0.568012
4.85 0.568011
4.86667 0.56801
4.88333 0.568008
4.9 0.568007
4.91667 0.568006
4.93333 0.568004
4.95 0.568003
4.96667 0.568002
4.98333 0.568
5 0.567999
5.01667 0.567998
5.03333 0.567996
5.05 0.567995
5.06667 0.567993
5.08333 0.567992
5.1 0.567991
5.11667 0.567989
5.13333 0.567988
5.15 0.567987
5.16667 0.567985
5.18333 0.567984
5.2 0.567983
5.21667 0.567981
5.23333 0.56798
5.25 0.567979
5.26667 0.567977
5.28333 0.567976
5.3 0.567974
5.31667 0.567973
5.33333 0.567972
5.35 0.56797
5.36667 0.567969
5.38333 0.567968
5.4 0.567966
5.41667 0.567965
5.43333 0.567963
5.45 0.567962
5.46667 0.567961
5.48333 0.567959
5.5 0.567958
5.51667 0.567956
5.53333 0.567955
5.55 0.567954
5.56667 0.567952
5.58333 0.567951
5.6 0.56795
5.61667 0.567948
5.63333 0.567947
5.65 0.567945
5.66667 0.567944
5.68333 0.567943
5.7 0.567941
5.71667 0.56794
5.73333 0.567938
5.75 0.567937
5.76667 0.567936
5.78333 0.567934
5.8 0.567933
5.81667 0.567931
5.83333 0.56793
5.85 0.567929
5.86667 0.567927
5.88333 0.567926
5.9 0.567924
5.91667 0.567923
5.93333 0.567922
5.95 0.56792
5.96667 0.567919
5.98333 0.567917
6 0.567916
6.01667 0.567915
6.03333 0.567913
6.05 0.567912
6.06667 0.56791
6.08333 0.567909
6.1 0.567907
6.11667 0.567906
6.13333 0.567905
6.15 0.567903
6.16667 0.567902
6.18333 0.5679
6.2 0.567899
6.21667 0.567898
6.23333 0.567896
6.25 0.567895
6.26667 0.567893
6.28333 0.567892
6.3 0.567891
6.31667 0.567889
6.33333 0.567888
6.35 0.567886
6.36667 0.567885
6.38333 0.567884
6.4 0.567882
6.41667 0.567881
6.43333 0.567879
6.45 0.567878
6.46667 0.567877
6.48333 0.567875
6.5 0.567874
6.51667 0.567872
6.53333 0.567871
6.55 0.567869
6.56667 0.567868
6.58333 0.567867
6.6 0.567865
6.61667 0.567864
6.63333 0.567862
6.65 0.567861
6.66667 0.56786
6.68333 0.567858
6.7 0.567857
6.71667 0.567855
6.73333 0.567854
6.75 0.567853
6.76667 0.567851
6.78333 0.56785
6.8 0.567849
6.81667 0.567847
6.83333 0.567846
6.85 0.567844
6.86667 0.567843
6.88333 0.567842
6.9 0.56784
6.91667 0.567839
6.93333 0.567837
6.95 0.567836
6.96667 0.567835
6.98333 0.567833
7 0.567832
7.01667 0.567831
7.03333 0.567829
7.05 0.567828
7.06667 0.567826
7.08333 0.567825
7.1 0.567824
7.11667 0.567822
7.13333 0.567821
7.15 0.56782
7.16667 0.567818
7.18333 0.567817
7.2 0.567815
7.21667 0.567814
7.23333 0.567813
7.25 0.567811
7.26667 0.56781
7.28333 0.567809
7.3 0.567807
7.31667 0.567806
7.33333 0.567805
7.35 0.567803
7.36667 0.567802
7.38333 0.567801
7.4 0.567799
7.41667 0.567798
7.43333 0.567797
7.45 0.567795
7.46667 0.567794
7.48333 0.567793
7.5 0.567791
7.51667 0.56779
7.53333 0.567789
7.55 0.567787
7.56667 0.567786
7.58333 0.567785
7.6 0.567783
7.61667 0.567782
7.63333 0.567781
7.65 0.567779
7.66667 0.567778
7.68333 0.567777
7.7 0.567776
7.71667 0.567774
7.73333 0.567773
7.75 0.567772
7.76667 0.56777
7.78333 0.567769
7.8 0.567768
7.81667 0.567766
7.83333 0.567765
7.85 0.567764
7.86667 0.567763
7.88333 0.567761
7.9 0.56776
7.91667 0.567759
7.93333 0.567758
7.95 0.567756
7.96667 0.567755
7.98333 0.567754
8 0.567752
8.01667 0.567751
8.03333 0.56775
8.05 0.567749
8.06667 0.567747
8.08333 0.567746
8.1 0.567745
8.11667 0.567744
8.13333 0.567743
8.15 0.567741
8.16667 0.56774
8.18333 0.567739
8.2 0.567738
8.21667 0.567736
8.23333 0.567735
8.25 0.567734
8.26667 0.567733
8.28333 0.567732
8.3 0.56773
8.31667 0.567729
8.33333 0.567728
8.35 0.567727
8.36667 0.567726
8.38333 0.567724
8.4 0.567723
8.41667 0.567722
8.43333 0.567721
8.45 0.56772
8.46667 0.567718
8.48333 0.567717
8.5 0.567716
8.51667 0.567715
8.53333 0.567714
8.55 0.567713
8.56667 0.567712
8.58333 0.56771
8.6 0.567709
8.61667 0.567708
8.63333 0.567707
8.65 0.567706
8.66667 0.567705
8.68333 0.567704
8.7 0.567702
8.71667 0.567701
8.73333 0.5677
8.75 0.567699
8.76667 0.567698
8.78333 0.567697
8.8 0.567696
8.81667 0.567695
8.83333 0.567694
8.85 0.567693
8.86667 0.567691
8.88333 0.56769
8.9 0.567689
8.91667 0.567688
8.93333 0.567687
8.95 0.567686
8.96667 0.567685
8.98333 0.567684
9 0.567683
9.01667 0.567682
9.03333 0.567681
9.05 0.56768
9.06667 0.567679
9.08333 0.567678
9.1 0.567677
9.11667 0.567676
9.13333 0.567675
9.15 0.567674
9.16667 0.567673
9.18333 0.567672
9.2 0.567671
9.21667 0.56767
9.23333 0.567669
9.25 0.567668
9.26667 0.567667
9.28333 0.567666
9.3 0.567665
9.31667 0.567664
9.33333 0.567663
9.35 0.567662
9.36667 0.567661
9.38333 0.56766
9.4 0.567659
9.41667 0.567658
9.43333 0.567657
9.45 0.567656
9.46667 0.567655
9.48333 0.567654
9.5 0.567653
9.51667 0.567652
9.53333 0.567651
9.55 0.56765
9.56667 0.56765
9.58333 0.567649
9.6 0.567648
9.61667 0.567647
9.63333 0.567646
9.65 0.567645
9.66667 0.567644
9.68333 0.567643
9.7 0.567642
9.71667 0.567642
9.73333 0.567641
9.75 0.56764
9.76667 0.567639
9.78333 0.567638
9.8 0.567637
9.81667 0.567637
9.83333 0.567636
9.85 0.567635
9.86667 0.567634
9.88333 0.567633
9.9 0.567632
9.91667 0.567632
9.93333 0.567631
9.95 0.56763
9.96667 0.567629
9.98333 0.567628
10 0.567628
10.0167 0.567627
10.0333 0.567626
10.05 0.567625
10.0667 0.567625
10.0833 0.567624
10.1 0.567623
10.1167 0.567622
10.1333 0.567622
10.15 0.567621
10.1667 0.56762
10.1833 0.567619
10.2 0.567619
10.2167 0.567618
10.2333 0.567617
10.25 0.567617
10.2667 0.567616
10.2833 0.567615
10.3 0.567615
10.3167 0.567614
10.3333 0.567613
10.35 0.567612
10.3667 0.567612
10.3833 0.567611
10.4 0.567611
10.4167 0.56761
10.4333 0.567609
10.45 0.567609
10.4667 0.567608
10.4833 0.567607
10.5 0.567607
10.5167 0.567606
10.5333 0.567605
10.55 0.567605
10.5667 0.567604
10.5833 0.567604
10.6 0.567603
10.6167 0.567602
10.6333 0.567602
10.65 0.567601
10.6667 0.567601
10.6833 0.5676
10.7 0.5676
10.7167 0.567599
10.7333 0.567599
10.75 0.567598
10.7667 0.567597
10.7833 0.567597
10.8 0.567596
10.8167 0.567596
10.8333 0.567595
10.85 0.567595
10.8667 0.567594
10.8833 0.567594
10.9 0.567593
10.9167 0.567593
10.9333 0.567592
10.95 0.567592
10.9667 0.567591
10.9833 0.567591
11 0.567591
11.0167 0.56759
11.0333 0.56759
11.05 0.567589
11.0667 0.567589
11.0833 0.567588
11.1 0.567588
11.1167 0.567588
11.1333 0.567587
11.15 0.567587
11.1667 0.567586
11.1833 0.567586
11.2 0.567586
11.2167 0.567585
11.2333 0.567585
11.25 0.567584
11.2667 0.567584
11.2833 0.567584
11.3 0.567583
11.3167 0.567583
11.3333 0.567583
11.35 0.567582
11.3667 0.567582
11.3833 0.567582
11.4 0.567581
11.4167 0.567581
11.4333 0.567581
11.45 0.56758
11.4667 0.56758
11.4833 0.56758
11.5 0.56758
11.5167 0.567579
11.5333 0.567579
11.55 0.567579
11.5667 0.567578
11.5833 0.567578
11.6 0.567578
11.6167 0.567578
11.6333 0.567577
11.65 0.567577
11.6667 0.567577
11.6833 0.567577
11.7 0.567577
11.7167 0.567576
11.7333 0.567576
11.75 0.567576
11.7667 0.567576
11.7833 0.567576
11.8 0.567575
11.8167 0.567575
11.8333 0.567575
11.85 0.567575
11.8667 0.567575
11.8833 0.567575
11.9 0.567575
11.9167 0.567574
11.9333 0.567574
11.95 0.567574
11.9667 0.567574
11.9833 0.567574
12 0.567574
12.0167 0.567574
12.0333 0.567574
12.05 0.567574
12.0667 0.567573
12.0833 0.567573
12.1 0.567573
12.1167 0.567573
12.1333 0.567573
12.15 0.567573
12.1667 0.567573
12.1833 0.567573
12.2 0.567573
12.2167 0.567573
12.2333 0.567573
12.25 0.567573
12.2667 0.567573
12.2833 0.567573
12.3 0.567573
12.3167 0.567573
12.3333 0.567573
12.35 0.567573
12.3667 0.567573
12.3833 0.567573
12.4 0.567573
12.4167 0.567573
12.4333 0.567573
12.45 0.567573
12.4667 0.567573
12.4833 0.567573
12.5 0.567573
12.5167 0.567574
12.5333 0.567574
12.55 0.567574
12.5667 0.567574
12.5833 0.567574
12.6 0.567574
12.6167 0.567574
12.6333 0.567574
12.65 0.567574
12.6667 0.567575
12.6833 0.567575
12.7 0.567575
12.7167 0.567575
12.7333 0.567575
12.75 0.567575
12.7667 0.567575
12.7833 0.567576
12.8 0.567576
12.8167 0.567576
12.8333 0.567576
12.85 0.567576
12.8667 0.567577
12.8833 0.567577
12.9 0.567577
12.9167 0.567577
12.9333 0.567578
12.95 0.567578
12.9667 0.567578
12.9833 0.567578
13 0.567579
13.0167 0.567579
13.0333 0.567579
13.05 0.567579
13.0667 0.56758
13.0833 0.56758
13.1 0.56758
13.1167 0.56758
13.1333 0.567581
13.15 0.567581
13.1667 0.567581
13.1833 0.567582
13.2 0.567582
13.2167 0.567582
13.2333 0.567583
13.25 0.567583
13.2667 0.567583
13.2833 0.567584
13.3 0.567584
13.3167 0.567584
13.3333 0.567585
13.35 0.567585
13.3667 0.567586
13.3833 0.567586
13.4 0.567586
13.4167 0.567587
13.4333 0.567587
13.45 0.567588
13.4667 0.567588
13.4833 0.567588
13.5 0.567589
13.5167 0.567589
13.5333 0.56759
13.55 0.56759
13.5667 0.567591
13.5833 0.567591
13.6 0.567591
13.6167 0.567592
13.6333 0.567592
13.65 0.567593
13.6667 0.567593
13.6833 0.567594
13.7 0.567594
13.7167 0.567595
13.7333 0.567595
13.75 0.567596
13.7667 0.567596
13.7833 0.567597
13.8 0.567597
13.8167 0.567598
13.8333 0.567598
13.85 0.567599
13.8667 0.5676
13.8833 0.5676
13.9 0.567601
13.9167 0.567601
13.9333 0.567602
13.95 0.567602
13.9667 0.567603
13.9833 0.567604
14 0.567604
14.0167 0.567605
14.0333 0.567605
14.05 0.567606
14.0667 0.567607
14.0833 0.567607
14.1 0.567608
14.1167 0.567608
14.1333 0.567609
14.15 0.56761
14.1667 0.56761
14.1833 0.567611
14.2 0.567612
14.2167 0.567612
14.2333 0.567613
14.25 0.567614
14.2667 0.567614
14.2833 0.567615
14.3 0.567616
14.3167 0.567616
14.3333 0.567617
14.35 0.567618
14.3667 0.567618
14.3833 0.567619
14.4 0.56762
14.4167 0.567621
14.4333 0.567621
14.45 0.567622
14.4667 0.567623
14.4833 0.567624
14.5 0.567624
14.5167 0.567625
14.5333 0.567626
14.55 0.567627
14.5667 0.567627
14.5833 0.567628
14.6 0.567629
14.6167 0.56763
14.6333 0.56763
14.65 0.567631
14.6667 0.567632
14.6833 0.567633
14.7 0.567634
14.7167 0.567634
14.7333 0.567635
14.75 0.567636
14.7667 0.567637
14.7833 0.567638
14.8 0.567639
14.8167 0.567639
14.8333 0.56764
14.85 0.567641
14.8667 0.567642
14.8833 0.567643
14.9 0.567644
14.9167 0.567644
14.9333 0.567645
14.95 0.567646
14.9667 0.567647
14.9833 0.567648
15 0.567649
15.0167 0.56765
15.0333 0.567651
15.05 0.567652
15.0667 0.567652
15.0833 0.567653
15.1 0.567654
15.1167 0.567655
15.1333 0.567656
15.15 0.567657
15.1667 0.567658
15.1833 0.567659
15.2 0.56766
15.2167 0.567661
15.2333 0.567662
15.25 0.567663
15.2667 0.567664
15.2833 0.567665
15.3 0.567666
15.3167 0.567667
15.3333 0.567667
15.35 0.567668
15.3667 0.567669
15.3833 0.56767
15.4 0.567671
15.4167 0.567672
15.4333 0.567673
15.45 0.567674
15.4667 0.567675
15.4833 0.567676
15.5 0.567677
15.5167 0.567678
15.5333 0.567679
15.55 0.56768
15.5667 0.567681
15.5833 0.567683
15.6 0.567684
15.6167 0.567685
15.6333 0.567686
15.65 0.567687
15.6667 0.567688
15.6833 0.567689
15.7 0.56769
15.7167 0.567691
15.7333 0.567692
15.75 0.567693
15.7667 0.567694
15.7833 0.567695
15.8 0.567696
15.8167 0.567697
15.8333 0.567698
15.85 0.567699
15.8667 0.567701
15.8833 0.567702
15.9 0.567703
15.9167 0.567704
15.9333 0.567705
15.95 0.567706
15.9667 0.567707
15.9833 0.567708
16 0.567709
16.0167 0.567711
16.0333 0.567712
16.05 0.567713
16.0667 0.567714
16.0833 0.567715
16.1 0.567716
16.1167 0.567717
16.1333 0.567718
16.15 0.56772
16.1667 0.567721
16.1833 0.567722
16.2 0.567723
16.2167 0.567724
16.2333 0.567725
16.25 0.567727
16.2667 0.567728
16.2833 0.567729
16.3 0.56773
16.3167 0.567731
16.3333 0.567732
16.35 0.567734
16.3667 0.567735
16.3833 0.567736
16.4 0.567737
16.4167 0.567738
16.4333 0.56774
16.45 0.567741
16.4667 0.567742
16.4833 0.567743
16.5 0.567744
16.5167 0.567746
16.5333 0.567747
16.55 0.567748
16.5667 0.567749
16.5833 0.56775
16.6 0.567752
16.6167 0.567753
16.6333 0.567754
16.65 0.567755
16.6667 0.567757
16.6833 0.567758
16.7 0.567759
16.7167 0.56776
16.7333 0.567762
16.75 0.567763
16.7667 0.567764
16.7833 0.567765
16.8 0.567766
16.8167 0.567768
16.8333 0.567769
16.85 0.56777
16.8667 0.567771
16.8833 0.567773
16.9 0.567774
16.9167 0.567775
16.9333 0.567777
16.95 0.567778
16.9667 0.567779
16.9833 0.56778
17 0.567782
17.0167 0.567783
17.0333 0.567784
17.05 0.567785
17.0667 0.567787
17.0833 0.567788
17.1 0.567789
17.1167 0.567791
17.1333 0.567792
17.15 0.567793
17.1667 0.567794
17.1833 0.567796
17.2 0.567797
17.2167 0.567798
17.2333 0.5678
17.25 0.567801
17.2667 0.567802
17.2833 0.567803
17.3 0.567805
17.3167 0.567806
17.3333 0.567807
17.35 0.567809
17.3667 0.56781
17.3833 0.567811
17.4 0.567813
17.4167 0.567814
17.4333 0.567815
17.45 0.567817
17.4667 0.567818
17.4833 0.567819
17.5 0.56782
17.5167 0.567822
17.5333 0.567823
17.55 0.567824
17.5667 0.567826
17.5833 0.567827
17.6 0.567828
17.6167 0.56783
17.6333 0.567831
17.65 0.567832
17.6667 0.567834
17.6833 0.567835
17.7 0.567836
17.7167 0.567838
17.7333 0.567839
17.75 0.56784
17.7667 0.567842
17.7833 0.567843
17.8 0.567844
17.8167 0.567846
17.8333 0.567847
17.85 0.567848
17.8667 0.56785
17.8833 0.567851
17.9 0.567852
17.9167 0.567854
17.9333 0.567855
17.95 0.567856
17.9667 0.567858
17.9833 0.567859
18 0.56786
18.0167 0.567862
18.0333 0.567863
18.05 0.567864
18.0667 0.567866
18.0833 0.567867
18.1 0.567868
18.1167 0.56787
18.1333 0.567871
18.15 0.567872
18.1667 0.567874
18.1833 0.567875
18.2 0.567876
18.2167 0.567878
18.2333 0.567879
18.25 0.56788
18.2667 0.567882
18.2833 0.567883
18.3 0.567884
18.3167 0.567886
18.3333 0.567887
18.35 0.567888
18.3667 0.56789
18.3833 0.567891
18.4 0.567892
18.4167 0.567894
18.4333 0.567895
18.45 0.567896
18.4667 0.567898
18.4833 0.567899
18.5 0.5679
18.5167 0.567902
18.5333 0.567903
18.55 0.567904
18.5667 0.567906
18.5833 0.567907
18.6 0.567908
18.6167 0.56791
18.6333 0.567911
18.65 0.567912
18.6667 0.567914
18.6833 0.567915
18.7 0.567916
18.7167 0.567918
18.7333 0.567919
18.75 0.56792
18.7667 0.567922
18.7833 0.567923
18.8 0.567924
18.8167 0.567926
18.8333 0.567927
18.85 0.567928
18.8667 0.56793
18.8833 0.567931
18.9 0.567932
18.9167 0.567933
18.9333 0.567935
18.95 0.567936
18.9667 0.567937
18.9833 0.567939
19 0.56794
19.0167 0.567941
19.0333 0.567943
19.05 0.567944
19.0667 0.567945
19.0833 0.567947
19.1 0.567948
19.1167 0.567949
19.1333 0.56795
19.15 0.567952
19.1667 0.567953
19.1833 0.567954
19.2 0.567956
19.2167 0.567957
19.2333 0.567958
19.25 0.567959
19.2667 0.567961
19.2833 0.567962
19.3 0.567963
19.3167 0.567965
19.3333 0.567966
19.35 0.567967
19.3667 0.567968
19.3833 0.56797
19.4 0.567971
19.4167 0.567972
19.4333 0.567973
19.45 0.567975
19.4667 0.567976
19.4833 0.567977
19.5 0.567979
19.5167 0.56798
19.5333 0.567981
19.55 0.567982
19.5667 0.567984
19.5833 0.567985
19.6 0.567986
19.6167 0.567987
19.6333 0.567989
19.65 0.56799
19.6667 0.567991
19.6833 0.567992
19.7 0.567993
19.7167 0.567995
19.7333 0.567996
19.75 0.567997
19.7667 0.567998
19.7833 0.568
19.8 0.568001
19.8167 0.568002
19.8333 0.568003
19.85 0.568004
19.8667 0.568006
19.8833 0.568007
19.9 0.568008
19.9167 0.568009
19.9333 0.56801
19.95 0.568012
19.9667 0.568013
19.9833 0.568014
20 0.568015
20.0167 0.568016
20.0333 0.568018
20.05 0.568019
20.0667 0.56802
20.0833 0.568021
20.1 0.568022
20.1167 0.568023
20.1333 0.568025
20.15 0.568026
20.1667 0.568027
20.1833 0.568028
20.2 0.568029
20.2167 0.56803
20.2333 0.568031
20.25 0.568033
20.2667 0.568034
20.2833 0.568035
20.3 0.568036
20.3167 0.568037
20.3333 0.568038
20.35 0.568039
20.3667 0.568041
20.3833 0.568042
20.4 0.568043
20.4167 0.568044
20.4333 0.568045
20.45 0.568046
20.4667 0.568047
20.4833 0.568048
20.5 0.568049
20.5167 0.56805
20.5333 0.568052
20.55 0.568053
20.5667 0.568054
20.5833 0.568055
20.6 0.568056
20.6167 0.568057
20.6333 0.568058
20.65 0.568059
20.6667 0.56806
20.6833 0.568061
20.7 0.568062
20.7167 0.568063
20.7333 0.568064
20.75 0.568065
20.7667 0.568066
20.7833 0.568067
20.8 0.568068
20.8167 0.56807
20.8333 0.568071
20.85 0.568072
20.8667 0.568073
20.8833 0.568074
20.9 0.568075
20.9167 0.568076
20.9333 0.568077
20.95 0.568078
20.9667 0.568079
20.9833 0.56808
21 0.568081
21.0167 0.568082
21.0333 0.568082
21.05 0.568083
21.0667 0.568084
21.0833 0.568085
21.1 0.568086
21.1167 0.568087
21.1333 0.568088
21.15 0.568089
21.1667 0.56809
21.1833 0.568091
21.2 0.568092
21.2167 0.568093
21.2333 0.568094
21.25 0.568095
21.2667 0.568096
21.2833 0.568097
21.3 0.568098
21.3167 0.568098
21.3333 0.568099
21.35 0.5681
21.3667 0.568101
21.3833 0.568102
21.4 0.568103
21.4167 0.568104
21.4333 0.568105
21.45 0.568105
21.4667 0.568106
21.4833 0.568107
21.5 0.568108
21.5167 0.568109
21.5333 0.56811
21.55 0.568111
21.5667 0.568111
21.5833 0.568112
21.6 0.568113
21.6167 0.568114
21.6333 0.568115
21.65 0.568116
21.6667 0.568116
21.6833 0.568117
21.7 0.568118
21.7167 0.568119
21.7333 0.568119
21.75 0.56812
21.7667 0.568121
21.7833 0.568122
21.8 0.568123
21.8167 0.568123
21.8333 0.568124
21.85 0.568125
21.8667 0.568126
21.8833 0.568126
21.9 0.568127
21.9167 0.568128
21.9333 0.568129
21.95 0.568129
21.9667 0.56813
21.9833 0.568131
22 0.568131
22.0167 0.568132
22.0333 0.568133
22.05 0.568134
22.0667 0.568134
22.0833 0.568135
22.1 0.568136
22.1167 0.568136
22.1333 0.568137
22.15 0.568138
22.1667 0.568138
22.1833 0.568139
22.2 0.56814
22.2167 0.56814
22.2333 0.568141
22.25 0.568141
22.2667 0.568142
22.2833 0.568143
22.3 0.568143
22.3167 0.568144
22.3333 0.568145
22.35 0.568145
22.3667 0.568146
22.3833 0.568146
22.4 0.568147
22.4167 0.568148
22.4333 0.568148
22.45 0.568149
22.4667 0.568149
22.4833 0.56815
22.5 0.56815
22.5167 0.568151
22.5333 0.568151
22.55 0.568152
22.5667 0.568152
22.5833 0.568153
22.6 0.568154
22.6167 0.568154
22.6333 0.568155
22.65 0.568155
22.6667 0.568156
22.6833 0.568156
22.7 0.568157
22.7167 0.568157
22.7333 0.568157
22.75 0.568158
22.7667 0.568158
22.7833 0.568159
22.8 0.568159
22.8167 0.56816
22.8333 0.56816
22.85 0.568161
22.8667 0.568161
22.8833 0.568162
22.9 0.568162
22.9167 0.568162
22.9333 0.568163
22.95 0.568163
22.9667 0.568164
22.9833 0.568164
23 0.568164
23.0167 0.568165
23.0333 0.568165
23.05 0.568165
23.0667 0.568166
23.0833 0.568166
23.1 0.568167
23.1167 0.568167
23.1333 0.568167
23.15 0.568168
23.1667 0.568168
23.1833 0.568168
23.2 0.568169
23.2167 0.568169
23.2333 0.568169
23.25 0.568169
23.2667 0.56817
23.2833 0.56817
23.3 0.56817
23.3167 0.568171
23.3333 0.568171
23.35 0.568171
23.3667 0.568171
23.3833 0.568172
23.4 0.568172
23.4167 0.568172
23.4333 0.568172
23.45 0.568173
23.4667 0.568173
23.4833 0.568173
23.5 0.568173
23.5167 0.568173
23.5333 0.568174
23.55 0.568174
23.5667 0.568174
23.5833 0.568174
23.6 0.568174
23.6167 0.568175
23.6333 0.484556
23.65 0.182573
23.6667 0
23.6833 0
23.7 0
23.7167 0
23.7333 0
23.75 0
23.7667 0
23.7833 0
23.8 0
23.8167 0
23.8333 0
23.85 0
23.8667 0
23.8833 0
23.9 0
23.9167 0
23.9333 0
23.95 0
23.9667 0
23.9833 0
24 0
24.0167 0
24.0333 0
24.05 0
24.0667 0
24.0833 0
24.1 0
24.1167 0
24.1333 0
24.15 0
24.1667 0
24.1833 0
24.2 0
24.2167 0
24.2333 0
24.25 0
24.2667 0
24.2833 0
24.3 0
24.3167 0
24.3333 0
24.35 0
24.3667 0
24.3833 0
24.4 0
24.4167 0
24.4333 0
24.45 0
24.4667 0
24.4833 0
24.5 0
24.5167 0
24.5333 0
24.55 0
24.5667 0
24.5833 0
24.6 0
24.6167 0
24.6333 0
24.65 0
24.6667 0
24.6833 0
24.7 0.0840956
24.7167 0.38658
24.7333 0.568172
24.75 0.568172
24.7667 0.568172
24.7833 0.568172
24.8 0.568171
24.8167 0.568171
24.8333 0.568171
24.85 0.568171
24.8667 0.56817
24.8833 0.56817
24.9 0.56817
24.9167 0.568169
24.9333 0.568169
24.95 0.568169
24.9667 0.568169
24.9833 0.568168
25 0.568168
25.0167 0.568168
25.0333 0.568167
25.05 0.568167
25.0667 0.568167
25.0833 0.568166
25.1 0.568166
25.1167 0.568165
25.1333 0.568165
25.15 0.568165
25.1667 0.568164
25.1833 0.568164
25.2 0.568164
25.2167 0.568163
25.2333 0.568163
25.25 0.568162
25.2667 0.568162
25.2833 0.568161
25.3 0.568161
25.3167 0.568161
25.3333 0.56816
25.35 0.56816
25.3667 0.568159
25.3833 0.568159
25.4 0.568158
25.4167 0.568158
25.4333 0.568157
25.45 0.568157
25.4667 0.568156
25.4833 0.568156
25.5 0.568155
25.5167 0.568155
25.5333 0.568154
25.55 0.568154
25.5667 0.568153
25.5833 0.568153
25.6 0.568152
25.6167 0.568152
25.6333 0.568151
25.65 0.568151
25.6667 0.56815
25.6833 0.56815
25.7 0.568149
25.7167 0.568148
25.7333 0.568148
25.75 0.568147
25.7667 0.568147
25.7833 0.568146
25.8 0.568146
25.8167 0.568145
25.8333 0.568144
25.85 0.568144
25.8667 0.568143
25.8833 0.568143
25.9 0.568142
25.9167 0.568141
25.9333 0.568141
25.95 0.56814
25.9667 0.568139
25.9833 0.568139
26 0.568138
26.0167 0.568137
26.0333 0.568137
26.05 0.568136
26.0667 0.568135
26.0833 0.568135
26.1 0.568134
26.1167 0.568133
26.1333 0.568133
26.15 0.568132
26.1667 0.568131
26.1833 0.56813
26.2 0.56813
26.2167 0.568129
26.2333 0.568128
26.25 0.568127
26.2667 0.568127
26.2833 0.568126
26.3 0.568125
26.3167 0.568124
26.3333 0.568124
26.35 0.568123
26.3667 0.568122
26.3833 0.568121
26.4 0.568121
26.4167 0.56812
26.4333 0.568119
26.45 0.568118
26.4667 0.568117
26.4833 0.568117
26.5 0.568116
26.5167 0.568115
26.5333 0.568114
26.55 0.568113
26.5667 0.568112
26.5833 0.568112
26.6 0.568111
26.6167 0.56811
26.6333 0.568109
26.65 0.568108
26.6667 0.568107
26.6833 0.568106
26.7 0.568106
26.7167 0.568105
26.7333 0.568104
26.75 0.568103
26.7667 0.568102
26.7833 0.568101
26.8 0.5681
26.8167 0.568099
26.8333 0.568098
26.85 0.568098
26.8667 0.568097
26.8833 0.568096
26.9 0.568095
26.9167 0.568094
26.9333 0.568093
26.95 0.568092
26.9667 0.568091
26.9833 0.56809
27 0.568089
27.0167 0.568088
27.0333 0.568087
27.05 0.568086
27.0667 0.568085
27.0833 0.568084
27.1 0.568083
27.1167 0.568082
27.1333 0.568081
27.15 0.56808
27.1667 0.568079
27.1833 0.568078
27.2 0.568077
27.2167 0.568076
27.2333 0.568075
27.25 0.568074
27.2667 0.568073
27.2833 0.568072
27.3 0.568071
27.3167 0.56807
27.3333 0.568069
27.35 0.568068
27.3667 0.568067
27.3833 0.568066
27.4 0.568065
27.4167 0.568064
27.4333 0.568063
27.45 0.568062
27.4667 0.568061
27.4833 0.56806
27.5 0.568058
27.5167 0.568057
27.5333 0.568056
27.55 0.568055
27.5667 0.568054
27.5833 0.568053
27.6 0.568052
27.6167 0.568051
27.6333 0.56805
27.65 0.568049
27.6667 0.568047
27.6833 0.568046
27.7 0.568045
27.7167 0.568044
27.7333 0.568043
27.75 0.568042
27.7667 0.568041
27.7833 0.56804
27.8 0.568038
27.8167 0.568037
27.8333 0.568036
27.85 0.568035
27.8667 0.568034
27.8833 0.568033
27.9 0.568031
27.9167 0.56803
27.9333 0.568029
27.95 0.568028
27.9667 0.568027
27.9833 0.568026
28 0.568024
28.0167 0.568023
28.0333 0.568022
28.05 0.568021
28.0667 0.56802
28.0833 0.568018
28.1 0.568017
28.1167 0.568016
28.1333 0.568015
28.15 0.568014
28.1667 0.568012
28.1833 0.568011
28.2 0.56801
28.2167 0.568009
28.2333 0.568007
28.25 0.568006
28.2667 0.568005
28.2833 0.568004
28.3 0.568002
28.3167 0.568001
28.3333 0.568
28.35 0.567999
28.3667 0.567998
28.3833 0.567996
28.4 0.567995
28.4167 0.567994
28.4333 0.567992
28.45 0.567991
28.4667 0.56799
28.4833 0.567989
28.5 0.567987
28.5167 0.567986
28.5333 0.567985
28.55 0.567984
28.5667 0.567982
28.5833 0.567981
28.6 0.56798
28.6167 0.567978
28.6333 0.567977
28.65 0.567976
28.6667 0.567975
28.6833 0.567973
28.7 0.567972
28.7167 0.567971
28.7333 0.567969
28.75 0.567968
28.7667 0.567967
28.7833 0.567965
28.8 0.567964
28.8167 0.567963
28.8333 0.567961
28.85 0.56796
28.8667 0.567959
28.8833 0.567957
28.9 0.567956
28.9167 0.567955
28.9333 0.567953
28.95 0.567952
28.9667 0.567951
28.9833 0.567949
29 0.567948
29.0167 0.567947
29.0333 0.567945
29.05 0.567944
29.0667 0.567943
29.0833 0.567941
29.1 0.56794
29.1167 0.567939
29.1333 0.567937
29.15 0.567936
29.1667 0.567935
29.1833 0.567933
29.2 0.567932
29.2167 0.567931
29.2333 0.567929
29.25 0.567928
29.2667 0.567926
29.2833 0.567925
29.3 0.567924
29.3167 0.567922
29.3333 0.567921
29.35 0.56792
29.3667 0.567918
29.3833 0.567917
29.4 0.567915
29.4167 0.567914
29.4333 0.567913
29.45 0.567911
29.4667 0.56791
29.4833 0.567909
29.5 0.567907
29.5167 0.567906
29.5333 0.567904
29.55 0.567903
29.5667 0.567902
29.5833 0.5679
29.6 0.567899
29.6167 0.567897
29.6333 0.567896
29.65 0.567895
29.6667 0.567893
29.6833 0.567892
29.7 0.567891
29.7167 0.567889
29.7333 0.567888
29.75 0.567886
29.7667 0.567885
29.7833 0.567884
29.8 0.567882
29.8167 0.567881
29.8333 0.567879
29.85 0.567878
29.8667 0.567877
29.8833 0.567875
29.9 0.567874
29.9167 0.567872
29.9333 0.567871
29.95 0.56787
29.9667 0.567868
29.9833 0.567867
30 0.567865
30.0167 0.567864
30.0333 0.567863
30.05 0.567861
30.0667 0.56786
30.0833 0.567858
30.1 0.567857
30.1167 0.567856
30.1333 0.567854
30.15 0.567853
30.1667 0.567851
30.1833 0.56785
30.2 0.567848
30.2167 0.567847
30.2333 0.567846
30.25 0.567844
30.2667 0.567843
30.2833 0.567841
30.3 0.56784
30.3167 0.567839
30.3333 0.567837
30.35 0.567836
30.3667 0.567834
30.3833 0.567833
30.4 0.567832
30.4167 0.56783
30.4333 0.567829
30.45 0.567827
30.4667 0.567826
30.4833 0.567825
30.5 0.567823
30.5167 0.567822
30.5333 0.56782
30.55 0.567819
30.5667 0.567818
30.5833 0.567816
30.6 0.567815
30.6167 0.567813
30.6333 0.567812
30.65 0.567811
30.6667 0.567809
30.6833 0.567808
30.7 0.567806
30.7167 0.567805
30.7333 0.567804
30.75 0.567802
30.7667 0.567801
30.7833 0.5678
30.8 0.567798
30.8167 0.567797
30.8333 0.567795
30.85 0.567794
30.8667 0.567793
30.8833 0.567791
30.9 0.56779
30.9167 0.567788
30.9333 0.567787
30.95 0.567786
30.9667 0.567784
30.9833 0.567783
31 0.567782
31.0167 0.56778
31.0333 0.567779
31.05 0.567777
31.0667 0.567776
31.0833 0.567775
31.1 0.567773
31.1167 0.567772
31.1333 0.567771
31.15 0.567769
31.1667 0.567768
31.1833 0.567767
31.2 0.567765
31.2167 0.567764
31.2333 0.567763
31.25 0.567761
31.2667 0.56776
31.2833 0.567758
31.3 0.567757
31.3167 0.567756
31.3333 0.567754
31.35 0.567753
31.3667 0.567752
31.3833 0.56775
31.4 0.567749
31.4167 0.567748
31.4333 0.567746
31.45 0.567745
31.4667 0.567744
31.4833 0.567742
31.5 0.567741
31.5167 0.56774
31.5333 0.567738
31.55 0.567737
31.5667 0.567736
31.5833 0.567735
31.6 0.567733
31.6167 0.567732
31.6333 0.567731
31.65 0.567729
31.6667 0.567728
31.6833 0.567727
31.7 0.567725
31.7167 0.567724
31.7333 0.567723
31.75 0.567722
31.7667 0.56772
31.7833 0.567719
31.8 0.567718
31.8167 0.567716
31.8333 0.567715
31.85 0.567714
31.8667 0.567713
31.8833 0.567711
31.9 0.56771
31.9167 0.567709
31.9333 0.567707
31.95 0.567706
31.9667 0.567705
31.9833 0.567704
32 0.567702
32.0167 0.567701
32.0333 0.5677
32.05 0.567699
32.0667 0.567697
32.0833 0.567696
32.1 0.567695
32.1167 0.567694
32.1333 0.567693
32.15 0.567691
32.1667 0.56769
32.1833 0.567689
32.2 0.567688
32.2167 0.567686
32.2333 0.567685
32.25 0.567684
32.2667 0.567683
32.2833 0.567682
32.3 0.56768
32.3167 0.567679
32.3333 0.567678
32.35 0.567677
32.3667 0.567676
32.3833 0.567674
32.4 0.567673
32.4167 0.567672
32.4333 0.567671
32.45 0.56767
32.4667 0.567669
32.4833 0.567667
32.5 0.567666
32.5167 0.567665
32.5333 0.567664
32.55 0.567663
32.5667 0.567662
32.5833 0.567661
32.6 0.567659
32.6167 0.567658
32.6333 0.567657
32.65 0.567656
32.6667 0.567655
32.6833 0.567654
32.7 0.567653
32.7167 0.567652
32.7333 0.56765
32.75 0.567649
32.7667 0.567648
32.7833 0.567647
32.8 0.567646
32.8167 0.567645
32.8333 0.567644
32.85 0.567643
32.8667 0.567642
32.8833 0.567641
32.9 0.56764
32.9167 0.567638
32.9333 0.567637
32.95 0.567636
32.9667 0.567635
32.9833 0.567634
33 0.567633
33.0167 0.567632
33.0333 0.567631
33.05 0.56763
33.0667 0.567629
33.0833 0.567628
33.1 0.567627
33.1167 0.567626
33.1333 0.567625
33.15 0.567624
33.1667 0.567623
33.1833 0.567622
33.2 0.567621
33.2167 0.56762
33.2333 0.567619
33.25 0.567618
33.2667 0.567617
33.2833 0.567616
33.3 0.567615
33.3167 0.567614
33.3333 0.567613
33.35 0.567612
33.3667 0.567611
33.3833 0.56761
33.4 0.567609
33.4167 0.567608
33.4333 0.567607
33.45 0.567606
33.4667 0.567606
33.4833 0.567605
33.5 0.567604
33.5167 0.567603
33.5333 0.567602
33.55 0.567601
33.5667 0.5676
33.5833 0.567599
33.6 0.567598
33.6167 0.567597
33.6333 0.567597
33.65 0.567596
33.6667 0.567595
33.6833 0.567594
33.7 0.567593
33.7167 0.567592
33.7333 0.567591
33.75 0.567591
33.7667 0.56759
33.7833 0.567589
33.8 0.567588
33.8167 0.567587
33.8333 0.567586
33.85 0.567586
33.8667 0.567585
33.8833 0.567584
33.9 0.567583
33.9167 0.567582
33.9333 0.567582
33.95 0.567581
33.9667 0.56758
33.9833 0.567579
34 0.567578
34.0167 0.567578
34.0333 0.567577
34.05 0.567576
34.0667 0.567575
34.0833 0.567575
34.1 0.567574
34.1167 0.567573
34.1333 0.567572
34.15 0.567572
34.1667 0.567571
34.1833 0.56757
34.2 0.567569
34.2167 0.567569
34.2333 0.567568
34.25 0.567567
34.2667 0.567567
34.2833 0.567566
34.3 0.567565
34.3167 0.567565
34.3333 0.567564
34.35 0.567563
34.3667 0.567563
34.3833 0.567562
34.4 0.567561
34.4167 0.567561
34.4333 0.56756
34.45 0.567559
34.4667 0.567559
34.4833 0.567558
34.5 0.567558
34.5167 0.567557
34.5333 0.567556
34.55 0.567556
34.5667 0.567555
34.5833 0.567555
34.6 0.567554
34.6167 0.567553
34.6333 0.567553
34.65 0.567552
34.6667 0.567552
34.6833 0.567551
34.7 0.567551
34.7167 0.56755
34.7333 0.567549
34.75 0.567549
34.7667 0.567548
34.7833 0.567548
34.8 0.567547
34.8167 0.567547
34.8333 0.567546
34.85 0.567546
34.8667 0.567545
34.8833 0.567545
34.9 0.567544
34.9167 0.567544
34.9333 0.567543
34.95 0.567543
34.9667 0.567543
34.9833 0.567542
35 0.567542
35.0167 0.567541
35.0333 0.567541
35.05 0.56754
35.0667 0.56754
35.0833 0.567539
35.1 0.567539
35.1167 0.567539
35.1333 0.567538
35.15 0.567538
35.1667 0.567537
35.1833 0.567537
35.2 0.567537
35.2167 0.567536
35.2333 0.567536
35.25 0.567536
35.2667 0.567535
35.2833 0.567535
35.3 0.567535
35.3167 0.567534
35.3333 0.567534
35.35 0.567534
35.3667 0.567533
35.3833 0.567533
35.4 0.567533
35.4167 0.567532
35.4333 0.567532
35.45 0.567532
35.4667 0.567531
35.4833 0.567531
35.5 0.567531
35.5167 0.567531
35.5333 0.56753
35.55 0.56753
35.5667 0.56753
35.5833 0.56753
35.6 0.567529
35.6167 0.567529
35.6333 0.567529
35.65 0.567529
35.6667 0.567528
35.6833 0.567528
35.7 0.567528
35.7167 0.567528
35.7333 0.567528
35.75 0.567527
35.7667 0.567527
35.7833 0.567527
35.8 0.567527
35.8167 0.567527
35.8333 0.567527
35.85 0.567526
35.8667 0.567526
35.8833 0.567526
35.9 0.567526
35.9167 0.567526
35.9333 0.567526
35.95 0.567526
35.9667 0.567526
35.9833 0.567525
36 0.567525
36.0167 0.567525
36.0333 0.567525
36.05 0.567525
36.0667 0.567525
36.0833 0.567525
36.1 0.567525
36.1167 0.567525
36.1333 0.567525
36.15 0.567525
36.1667 0.567525
36.1833 0.567525
36.2 0.567525
36.2167 0.567525
36.2333 0.567525
36.25 0.567525
36.2667 0.567525
36.2833 0.567525
36.3 0.567525
36.3167 0.567525
36.3333 0.567525
36.35 0.567525
36.3667 0.567525
36.3833 0.567525
36.4 0.567525
36.4167 0.567525
36.4333 0.567525
36.45 0.567525
36.4667 0.567525
36.4833 0.567525
36.5 0.567525
36.5167 0.567525
36.5333 0.567525
36.55 0.567525
36.5667 0.567526
36.5833 0.567526
36.6 0.567526
36.6167 0.567526
36.6333 0.567526
36.65 0.567526
36.6667 0.567526
36.6833 0.567526
36.7 0.567527
36.7167 0.567527
36.7333 0.567527
36.75 0.567527
36.7667 0.567527
36.7833 0.567527
36.8 0.567528
36.8167 0.567528
36.8333 0.567528
36.85 0.567528
36.8667 0.567528
36.8833 0.567529
36.9 0.567529
36.9167 0.567529
36.9333 0.567529
36.95 0.56753
36.9667 0.56753
36.9833 0.56753
37 0.56753
37.0167 0.567531
37.0333 0.567531
37.05 0.567531
37.0667 0.567531
37.0833 0.567532
37.1 0.567532
37.1167 0.567532
37.1333 0.567533
37.15 0.567533
37.1667 0.567533
37.1833 0.567534
37.2 0.567534
37.2167 0.567534
37.2333 0.567535
37.25 0.567535
37.2667 0.567535
37.2833 0.567536
37.3 0.567536
37.3167 0.567536
37.3333 0.567537
37.35 0.567537
37.3667 0.567538
37.3833 0.567538
37.4 0.567538
37.4167 0.567539
37.4333 0.567539
37.45 0.56754
37.4667 0.56754
37.4833 0.56754
37.5 0.567541
37.5167 0.567541
37.5333 0.567542
37.55 0.567542
37.5667 0.567543
37.5833 0.567543
37.6 0.567544
37.6167 0.567544
37.6333 0.567545
37.65 0.567545
37.6667 0.567546
37.6833 0.567546
37.7 0.567547
37.7167 0.567547
37.7333 0.567548
37.75 0.567548
37.7667 0.567549
37.7833 0.567549
37.8 0.56755
37.8167 0.56755
37.8333 0.567551
37.85 0.567551
37.8667 0.567552
37.8833 0.567552
37.9 0.567553
37.9167 0.567554
37.9333 0.567554
37.95 0.567555
37.9667 0.567555
37.9833 0.567556
38 0.567556
38.0167 0.567557
38.0333 0.567558
38.05 0.567558
38.0667 0.567559
38.0833 0.56756
38.1 0.56756
38.1167 0.567561
38.1333 0.567561
38.15 0.567562
38.1667 0.567563
38.1833 0.567563
38.2 0.567564
38.2167 0.567565
38.2333 0.567565
38.25 0.567566
38.2667 0.567567
38.2833 0.567567
38.3 0.567568
38.3167 0.567569
38.3333 0.567569
38.35 0.56757
38.3667 0.567571
38.3833 0.567572
38.4 0.567572
38.4167 0.567573
38.4333 0.567574
38.45 0.567575
38.4667 0.567575
38.4833 0.567576
38.5 0.567577
38.5167 0.567578
38.5333 0.567578
38.55 0.567579
38.5667 0.56758
38.5833 0.567581
38.6 0.567581
38.6167 0.567582
38.6333 0.567583
38.65 0.567584
38.6667 0.567585
38.6833 0.567585
38.7 0.567586
38.7167 0.567587
38.7333 0.567588
38.75 0.567589
38.7667 0.567589
38.7833 0.56759
38.8 0.567591
38.8167 0.567592
38.8333 0.567593
38.85 0.567594
38.8667 0.567595
38.8833 0.567595
38.9 0.567596
38.9167 0.567597
38.9333 0.567598
38.95 0.567599
38.9667 0.5676
38.9833 0.567601
39 0.567602
39.0167 0.567602
39.0333 0.567603
39.05 0.567604
39.0667 0.567605
39.0833 0.567606
39.1 0.567607
39.1167 0.567608
39.1333 0.567609
39.15 0.56761
39.1667 0.567611
39.1833 0.567612
39.2 0.567613
39.2167 0.567613
39.2333 0.567614
39.25 0.567615
39.2667 0.567616
39.2833 0.567617
39.3 0.567618
39.3167 0.567619
39.3333 0.56762
39.35 0.567621
39.3667 0.567622
39.3833 0.567623
39.4 0.567624
39.4167 0.567625
39.4333 0.567626
39.45 0.567627
39.4667 0.567628
39.4833 0.567629
39.5 0.56763
39.5167 0.567631
39.5333 0.567632
39.55 0.567633
39.5667 0.567634
39.5833 0.567635
39.6 0.567636
39.6167 0.567637
39.6333 0.567638
39.65 0.56764
39.6667 0.567641
39.6833 0.567642
39.7 0.567643
39.7167 0.567644
39.7333 0.567645
39.75 0.567646
39.7667 0.567647
39.7833 0.567648
39.8 0.567649
39.8167 0.56765
39.8333 0.567651
39.85 0.567652
39.8667 0.567654
39.8833 0.567655
39.9 0.567656
39.9167 0.567657
39.9333 0.567658
39.95 0.567659
39.9667 0.56766
39.9833 0.567661
40 0.567662
40.0167 0.567664
40.0333 0.567665
40.05 0.567666
40.0667 0.567667
40.0833 0.567668
40.1 0.567669
40.1167 0.56767
40.1333 0.567672
40.15 0.567673
40.1667 0.567674
40.1833 0.567675
40.2 0.567676
40.2167 0.567677
40.2333 0.567678
40.25 0.56768
40.2667 0.567681
40.2833 0.567682
40.3 0.567683
40.3167 0.567684
40.3333 0.567686
40.35 0.567687
40.3667 0.567688
40.3833 0.567689
40.4 0.56769
40.4167 0.567691
40.4333 0.567693
40.45 0.567694
40.4667 0.567695
40.4833 0.567696
40.5 0.567698
40.5167 0.567699
40.5333 0.5677
40.55 0.567701
40.5667 0.567702
40.5833 0.567704
40.6 0.567705
40.6167 0.567706
40.6333 0.567707
40.65 0.567709
40.6667 0.56771
40.6833 0.567711
40.7 0.567712
40.7167 0.567713
40.7333 0.567715
40.75 0.567716
40.7667 0.567717
40.7833 0.567718
40.8 0.56772
40.8167 0.567721
40.8333 0.567722
40.85 0.567723
40.8667 0.567725
40.8833 0.567726
40.9 0.567727
40.9167 0.567729
40.9333 0.56773
40.95 0.567731
40.9667 0.567732
40.9833 0.567734
41 0.567735
41.0167 0.567736
41.0333 0.567737
41.05 0.567739
41.0667 0.56774
41.0833 0.567741
41.1 0.567743
41.1167 0.567744
41.1333 0.567745
41.15 0.567746
41.1667 0.567748
41.1833 0.567749
41.2 0.56775
41.2167 0.567752
41.2333 0.567753
41.25 0.567754
41.2667 0.567756
41.2833 0.567757
41.3 0.567758
41.3167 0.567759
41.3333 0.567761
41.35 0.567762
41.3667 0.567763
41.3833 0.567765
41.4 0.567766
41.4167 0.567767
41.4333 0.567769
41.45 0.56777
41.4667 0.567771
41.4833 0.567773
41.5 0.567774
41.5167 0.567775
41.5333 0.567777
41.55 0.567778
41.5667 0.567779
41.5833 0.56778
41.6 0.567782
41.6167 0.567783
41.6333 0.567784
41.65 0.567786
41.6667 0.567787
41.6833 0.567788
41.7 0.56779
41.7167 0.567791
41.7333 0.567792
41.75 0.567794
41.7667 0.567795
41.7833 0.567796
41.8 0.567798
41.8167 0.567799
41.8333 0.5678
41.85 0.567802
41.8667 0.567803
41.8833 0.567804
41.9 0.567806
41.9167 0.567807
41.9333 0.567808
41.95 0.56781
41.9667 0.567811
41.9833 0.567812
42 0.567814
42.0167 0.567815
42.0333 0.567817
42.05 0.567818
42.0667 0.567819
42.0833 0.567821
42.1 0.567822
42.1167 0.567823
42.1333 0.567825
42.15 0.567826
42.1667 0.567827
42.1833 0.567829
42.2 0.56783
42.2167 0.567831
42.2333 0.567833
42.25 0.567834
42.2667 0.567835
42.2833 0.567837
42.3 0.567838
42.3167 0.567839
42.3333 0.567841
42.35 0.567842
42.3667 0.567843
42.3833 0.567845
42.4 0.567846
42.4167 0.567847
42.4333 0.567849
42.45 0.56785
42.4667 0.567851
42.4833 0.567853
42.5 0.567854
42.5167 0.567855
42.5333 0.567857
42.55 0.567858
42.5667 0.567859
42.5833 0.567861
42.6 0.567862
42.6167 0.567863
42.6333 0.567865
42.65 0.567866
42.6667 0.567867
42.6833 0.567869
42.7 0.56787
42.7167 0.567871
42.7333 0.567873
42.75 0.567874
42.7667 0.567875
42.7833 0.567877
42.8 0.567878
42.8167 0.567879
42.8333 0.567881
42.85 0.567882
42.8667 0.567883
42.8833 0.567885
42.9 0.567886
42.9167 0.567887
42.9333 0.567888
42.95 0.56789
42.9667 0.567891
42.9833 0.567892
43 0.567894
43.0167 0.567895
43.0333 0.567896
43.05 0.567898
43.0667 0.567899
43.0833 0.5679
43.1 0.567902
43.1167 0.567903
43.1333 0.567904
43.15 0.567905
43.1667 0.567907
43.1833 0.567908
43.2 0.567909
43.2167 0.567911
43.2333 0.567912
43.25 0.567913
43.2667 0.567915
43.2833 0.567916
43.3 0.567917
43.3167 0.567918
43.3333 0.56792
43.35 0.567921
43.3667 0.567922
43.3833 0.567923
43.4 0.567925
43.4167 0.567926
43.4333 0.567927
43.45 0.567929
43.4667 0.56793
43.4833 0.567931
43.5 0.567932
43.5167 0.567934
43.5333 0.567935
43.55 0.567936
43.5667 0.567937
43.5833 0.567939
43.6 0.56794
43.6167 0.567941
43.6333 0.567942
43.65 0.567944
43.6667 0.567945
43.6833 0.567946
43.7 0.567947
43.7167 0.567949
43.7333 0.56795
43.75 0.567951
43.7667 0.567952
43.7833 0.567953
43.8 0.567955
43.8167 0.567956
43.8333 0.567957
43.85 0.567958
43.8667 0.567959
43.8833 0.567961
43.9 0.567962
43.9167 0.567963
43.9333 0.567964
43.95 0.567965
43.9667 0.567967
43.9833 0.567968
44 0.567969
44.0167 0.56797
44.0333 0.567971
44.05 0.567973
44.0667 0.567974
44.0833 0.567975
44.1 0.567976
44.1167 0.567977
44.1333 0.567978
44.15 0.56798
44.1667 0.567981
44.1833 0.567982
44.2 0.567983
44.2167 0.567984
44.2333 0.567985
44.25 0.567987
44.2667 0.567988
44.2833 0.567989
44.3 0.56799
44.3167 0.567991
44.3333 0.567992
44.35 0.567993
44.3667 0.567994
44.3833 0.567996
44.4 0.567997
44.4167 0.567998
44.4333 0.567999
44.45 0.568
44.4667 0.568001
44.4833 0.568002
44.5 0.568003
44.5167 0.568004
44.5333 0.568006
44.55 0.568007
44.5667 0.568008
44.5833 0.568009
44.6 0.56801
44.6167 0.568011
44.6333 0.568012
44.65 0.568013
44.6667 0.568014
44.6833 0.568015
44.7 0.568016
44.7167 0.568017
44.7333 0.568018
44.75 0.568019
44.7667 0.56802
44.7833 0.568021
44.8 0.568022
44.8167 0.568023
44.8333 0.568024
44.85 0.568026
44.8667 0.568027
44.8833 0.568028
44.9 0.568029
44.9167 0.56803
44.9333 0.568031
44.95 0.568032
44.9667 0.568033
44.9833 0.568034
45 0.568035
45.0167 0.568035
45.0333 0.568036
45.05 0.568037
45.0667 0.568038
45.0833 0.568039
45.1 0.56804
45.1167 0.568041
45.1333 0.568042
45.15 0.568043
45.1667 0.568044
45.1833 0.568045
45.2 0.568046
45.2167 0.568047
45.2333 0.568048
45.25 0.568049
45.2667 0.56805
45.2833 0.568051
45.3 0.568052
45.3167 0.568052
45.3333 0.568053
45.35 0.568054
45.3667 0.568055
45.3833 0.568056
45.4 0.568057
45.4167 0.568058
45.4333 0.568059
45.45 0.568059
45.4667 0.56806
45.4833 0.568061
45.5 0.568062
45.5167 0.568063
45.5333 0.568064
45.55 0.568065
45.5667 0.568065
45.5833 0.568066
45.6 0.568067
45.6167 0.568068
45.6333 0.568069
45.65 0.56807
45.6667 0.56807
45.6833 0.568071
45.7 0.568072
45.7167 0.568073
45.7333 0.568074
45.75 0.568074
45.7667 0.568075
45.7833 0.568076
45.8 0.568077
45.8167 0.568077
45.8333 0.568078
45.85 0.568079
45.8667 0.56808
45.8833 0.56808
45.9 0.568081
45.9167 0.568082
45.9333 0.568083
45.95 0.568083
45.9667 0.568084
45.9833 0.568085
46 0.568085
46.0167 0.568086
46.0333 0.568087
46.05 0.568088
46.0667 0.568088
46.0833 0.568089
46.1 0.56809
46.1167 0.56809
46.1333 0.568091
46.15 0.568092
46.1667 0.568092
46.1833 0.568093
46.2 0.568094
46.2167 0.568094
46.2333 0.568095
46.25 0.568096
46.2667 0.568096
46.2833 0.568097
46.3 0.568097
46.3167 0.568098
46.3333 0.568099
46.35 0.568099
46.3667 0.5681
46.3833 0.5681
46.4 0.568101
46.4167 0.568102
46.4333 0.568102
46.45 0.568103
46.4667 0.568103
46.4833 0.568104
46.5 0.568104
46.5167 0.568105
46.5333 0.568105
46.55 0.568106
46.5667 0.568107
46.5833 0.568107
46.6 0.568108
46.6167 0.568108
46.6333 0.568109
46.65 0.568109
46.6667 0.56811
46.6833 0.56811
46.7 0.568111
46.7167 0.568111
46.7333 0.568112
46.75 0.568112
46.7667 0.568113
46.7833 0.568113
46.8 0.568113
46.8167 0.568114
46.8333 0.568114
46.85 0.568115
46.8667 0.568115
46.8833 0.568116
46.9 0.568116
46.9167 0.568116
46.9333 0.568117
46.95 0.568117
46.9667 0.568118
46.9833 0.568118
47 0.568118
47.0167 0.568119
47.0333 0.568119
47.05 0.56812
47.0667 0.56812
47.0833 0.56812
47.1 0.568121
47.1167 0.568121
47.1333 0.568121
47.15 0.568122
47.1667 0.568122
47.1833 0.568122
47.2 0.568123
47.2167 0.568123
47.2333 0.568123
47.25 0.568124
47.2667 0.568124
47.2833 0.568124
47.3 0.568124
47.3167 0.568125
47.3333 0.568125
47.35 0.568125
47.3667 0.568125
47.3833 0.568126
47.4 0.568126
47.4167 0.568126
47.4333 0.568126
47.45 0.568127
47.4667 0.568127
47.4833 0.568127
47.5 0.568127
47.5167 0.568128
47.5333 0.568128
47.55 0.568128
47.5667 0.568128
47.5833 0.568128
47.6 0.568128
47.6167 0.568129
47.6333 0.332402
47.65 0.0426406
47.6667 0
47.6833 0
47.7 0
47.7167 0
47.7333 0
47.75 0
47.7667 0
47.7833 0
47.8 0
47.8167 0
47.8333 0
47.85 0
47.8667 0
47.8833 0
47.9 0
47.9167 0
47.9333 0
47.95 0
47.9667 0
47.9833 0
48 0
