0.00208333 -0.0000965
0.00416667 0.0000796
0.00625 0.0002064
0.00833333 0.0002826
0.0104167 0.0003132
0.0125 0.0002950
0.0145833 0.0002225
0.0166667 0.0001022
0.01875 -0.0000396
0.0208333 -0.0002302
0.0229167 -0.0004525
0.025 -0.0006981
0.0270833 -0.0009529
0.0291667 -0.0012155
0.03125 -0.0014752
0.0333333 -0.0017150
0.0354167 -0.0019235
0.0375 -0.0020948
0.0395833 -0.0022294
0.0416667 -0.0023247
0.04375 -0.0023593
0.0458333 -0.0023467
0.0479167 -0.0022864
0.05 -0.0021618
0.0520833 -0.0019956
0.0541667 -0.0017870
0.05625 -0.0015457
0.0583333 -0.0012762
0.0604167 -0.0010009
0.0625 -0.0007174
0.0645833 -0.0004486
0.0666667 -0.0002046
0.06875 0.0000097
0.0708333 0.0001862
0.0729167 0.0003212
0.075 0.0003969
0.0770833 0.0004236
0.0791667 0.0003980
0.08125 0.0003191
0.0833333 0.0001904
0.0854167 0.0000233
0.0875 -0.0001910
0.0895833 -0.0004231
0.0916667 -0.0006748
0.09375 -0.0009403
0.0958333 -0.0012091
0.0979167 -0.0014610
0.1 -0.0017035
0.102083 -0.0019219
0.104167 -0.0021146
0.10625 -0.0022592
0.108333 -0.0023723
0.110417 -0.0024467
0.1125 -0.0024731
0.114583 -0.0024429
0.116667 -0.0023699
0.11875 -0.0022568
0.120833 -0.0021003
0.122917 -0.0019029
0.125 -0.0016864
0.127083 -0.0014559
0.129167 -0.0012131
0.13125 -0.0009805
0.133333 -0.0007620
0.135417 -0.0005753
0.1375 -0.0004100
0.139583 -0.0002932
0.141667 -0.0002303
0.14375 -0.0002245
0.145833 -0.0002662
0.147917 -0.0003747
0.15 -0.0005337
0.152083 -0.0007565
0.154167 -0.0010206
0.15625 -0.0013223
0.158333 -0.0016581
0.160417 -0.0020102
0.1625 -0.0023716
0.164583 -0.0027459
0.166667 -0.0031182
0.16875 -0.0034699
0.170833 -0.0037951
0.172917 -0.0040786
0.175 -0.0043206
0.177083 -0.0045093
0.179167 -0.0046251
0.18125 -0.0047122
0.183333 -0.0047277
0.185417 -0.0046901
0.1875 -0.0046152
0.189583 -0.0044921
0.191667 -0.0043283
0.19375 -0.0041475
0.195833 -0.0039465
0.197917 -0.0037286
0.2 -0.0035243
0.202083 -0.0033513
0.204167 -0.0032101
0.20625 -0.0031059
0.208333 -0.0030460
0.210417 -0.0030537
0.2125 -0.0031234
0.214583 -0.0032584
0.216667 -0.0034420
0.21875 -0.0036862
0.220833 -0.0039860
0.222917 -0.0043277
0.225 -0.0047066
0.227083 -0.0051349
0.229167 -0.0055770
0.23125 -0.0060137
0.233333 -0.0064573
0.235417 -0.0068894
0.2375 -0.0072890
0.239583 -0.0076512
0.241667 -0.0079767
0.24375 -0.0082577
0.245833 -0.0084958
0.247917 -0.0086759
0.25 -0.0088162
0.252083 -0.0088967
0.254167 -0.0089325
0.25625 -0.0089181
0.258333 -0.0088628
0.260417 -0.0087604
0.2625 -0.0086294
0.264583 -0.0084846
0.266667 -0.0083403
0.26875 -0.0081970
0.270833 -0.0080779
0.272917 -0.0079869
0.275 -0.0079209
0.277083 -0.0079070
0.279167 -0.0079408
0.28125 -0.0080378
0.283333 -0.0081912
0.285417 -0.0083978
0.2875 -0.0086738
0.289583 -0.0089948
0.291667 -0.0093728
0.29375 -0.0097863
0.295833 -0.0102304
0.297917 -0.0106821
0.3 -0.0111538
0.302083 -0.0116143
0.304167 -0.0120730
0.30625 -0.0125057
0.308333 -0.0129010
0.310417 -0.0132397
0.3125 -0.0135385
0.314583 -0.0137886
0.316667 -0.0139666
0.31875 -0.0140870
0.320833 -0.0141639
0.322917 -0.0141682
0.325 -0.0141258
0.327083 -0.0140345
0.329167 -0.0139068
0.33125 -0.0137475
0.333333 -0.0135654
0.335417 -0.0133862
0.3375 -0.0132131
0.339583 -0.0130611
0.341667 -0.0129389
0.34375 -0.0128645
0.345833 -0.0128338
0.347917 -0.0128632
0.35 -0.0129512
0.352083 -0.0131119
0.354167 -0.0133409
0.35625 -0.0136296
0.358333 -0.0139834
0.360417 -0.0143825
0.3625 -0.0148204
0.364583 -0.0152844
0.366667 -0.0157794
0.36875 -0.0162764
0.370833 -0.0167783
0.372917 -0.0172500
0.375 -0.0177077
0.377083 -0.0181377
0.379167 -0.0185161
0.38125 -0.0188446
0.383333 -0.0191155
0.385417 -0.0193278
0.3875 -0.0194717
0.389583 -0.0195694
0.391667 -0.0196007
0.39375 -0.0195764
0.395833 -0.0195022
0.397917 -0.0193936
0.4 -0.0192568
0.402083 -0.0191011
0.404167 -0.0189314
0.40625 -0.0187821
0.408333 -0.0186543
0.410417 -0.0185628
0.4125 -0.0185185
0.414583 -0.0185418
0.416667 -0.0186323
0.41875 -0.0187960
0.420833 -0.0190307
0.422917 -0.0193441
0.425 -0.0197310
0.427083 -0.0201792
0.429167 -0.0206879
0.43125 -0.0212386
0.433333 -0.0218211
0.435417 -0.0224256
0.4375 -0.0230391
0.439583 -0.0236420
0.441667 -0.0242167
0.44375 -0.0247718
0.445833 -0.0252844
0.447917 -0.0257438
0.45 -0.0261443
0.452083 -0.0264838
0.454167 -0.0267645
0.45625 -0.0269789
0.458333 -0.0271237
0.460417 -0.0272021
0.4625 -0.0272261
0.464583 -0.0271909
0.466667 -0.0271277
0.46875 -0.0270334
0.470833 -0.0269212
0.472917 -0.0268129
0.475 -0.0267170
0.477083 -0.0266435
0.479167 -0.0266176
0.48125 -0.0266414
0.483333 -0.0267273
0.485417 -0.0268855
0.4875 -0.0271157
0.489583 -0.0274203
0.491667 -0.0277996
0.49375 -0.0282508
0.495833 -0.0287596
0.497917 -0.0293223
0.5 -0.0299466
0.502083 -0.0305975
0.504167 -0.0312688
0.50625 -0.0319450
0.508333 -0.0326332
0.510417 -0.0332974
0.5125 -0.0339281
0.514583 -0.0345246
0.516667 -0.0350559
0.51875 -0.0355250
0.520833 -0.0359288
0.522917 -0.0362595
0.525 -0.0365131
0.527083 -0.0366937
0.529167 -0.0367942
0.53125 -0.0368361
0.533333 -0.0368245
0.535417 -0.0367693
0.5375 -0.0366852
0.539583 -0.0365855
0.541667 -0.0364710
0.54375 -0.0363655
0.545833 -0.0362950
0.547917 -0.0362555
0.55 -0.0362689
0.552083 -0.0363358
0.554167 -0.0364751
0.55625 -0.0366867
0.558333 -0.0369793
0.560417 -0.0373454
0.5625 -0.0377895
0.564583 -0.0383065
0.566667 -0.0389029
0.56875 -0.0395332
0.570833 -0.0402046
0.572917 -0.0409036
0.575 -0.0416008
0.577083 -0.0423030
0.579167 -0.0429823
0.58125 -0.0436248
0.583333 -0.0442227
0.585417 -0.0447617
0.5875 -0.0452376
0.589583 -0.0456402
0.591667 -0.0459629
0.59375 -0.0462156
0.595833 -0.0463797
0.597917 -0.0464689
0.6 -0.0464958
0.602083 -0.0464620
0.604167 -0.0463763
0.60625 -0.0462490
0.608333 -0.0461019
0.610417 -0.0459470
0.6125 -0.0458120
0.614583 -0.0456971
0.616667 -0.0456297
0.61875 -0.0456197
0.620833 -0.0456682
0.622917 -0.0457891
0.625 -0.0460050
0.627083 -0.0463018
0.629167 -0.0466829
0.63125 -0.0471572
0.633333 -0.0477106
0.635417 -0.0483264
0.6375 -0.0489816
0.639583 -0.0496954
0.641667 -0.0504310
0.64375 -0.0511719
0.645833 -0.0519156
0.647917 -0.0526491
0.65 -0.0533562
0.652083 -0.0540216
0.654167 -0.0546230
0.65625 -0.0551766
0.658333 -0.0556469
0.660417 -0.0560311
0.6625 -0.0563336
0.664583 -0.0565572
0.666667 -0.0567054
0.66875 -0.0567754
0.670833 -0.0567895
0.672917 -0.0567463
0.675 -0.0566658
0.677083 -0.0565567
0.679167 -0.0564442
0.68125 -0.0563427
0.683333 -0.0562584
0.685417 -0.0562118
0.6875 -0.0562327
0.689583 -0.0563184
0.691667 -0.0564840
0.69375 -0.0567435
0.695833 -0.0571002
0.697917 -0.0575393
0.7 -0.0580726
0.702083 -0.0586874
0.704167 -0.0593805
0.70625 -0.0601293
0.708333 -0.0609229
0.710417 -0.0617473
0.7125 -0.0625987
0.714583 -0.0634394
0.716667 -0.0642691
0.71875 -0.0650698
0.720833 -0.0658201
0.722917 -0.0665126
0.725 -0.0671585
0.727083 -0.0677276
0.729167 -0.0682142
0.73125 -0.0686196
0.733333 -0.0689450
0.735417 -0.0691832
0.7375 -0.0693448
0.739583 -0.0694323
0.741667 -0.0694581
0.74375 -0.0694212
0.745833 -0.0693590
0.747917 -0.0692708
0.75 -0.0691729
0.752083 -0.0690953
0.754167 -0.0690510
0.75625 -0.0690542
0.758333 -0.0691201
0.760417 -0.0692584
0.7625 -0.0694840
0.764583 -0.0697981
0.766667 -0.0702216
0.76875 -0.0707477
0.770833 -0.0713669
0.772917 -0.0720785
0.775 -0.0728647
0.777083 -0.0737034
0.779167 -0.0745824
0.78125 -0.0754869
0.783333 -0.0763867
0.785417 -0.0772732
0.7875 -0.0781338
0.789583 -0.0789477
0.791667 -0.0796944
0.79375 -0.0803736
0.795833 -0.0809738
0.797917 -0.0814790
0.8 -0.0818871
0.802083 -0.0821978
0.804167 -0.0824090
0.80625 -0.0825262
0.808333 -0.0825624
0.810417 -0.0825277
0.8125 -0.0824443
0.814583 -0.0823193
0.816667 -0.0821649
0.81875 -0.0820133
0.820833 -0.0818785
0.822917 -0.0817840
0.825 -0.0817407
0.827083 -0.0817809
0.829167 -0.0819053
0.83125 -0.0821457
0.833333 -0.0824640
0.835417 -0.0828920
0.8375 -0.0834317
0.839583 -0.0840557
0.841667 -0.0847566
0.84375 -0.0855424
0.845833 -0.0863682
0.847917 -0.0872215
0.85 -0.0881058
0.852083 -0.0889978
0.854167 -0.0898688
0.85625 -0.0906969
0.858333 -0.0914915
0.860417 -0.0922349
0.8625 -0.0929046
0.864583 -0.0934993
0.866667 -0.0940086
0.86875 -0.0944232
0.870833 -0.0947403
0.872917 -0.0949508
0.875 -0.0950781
0.877083 -0.0951167
0.879167 -0.0950834
0.88125 -0.0949901
0.883333 -0.0948497
0.885417 -0.0946743
0.8875 -0.0944900
0.889583 -0.0943008
0.891667 -0.0941448
0.89375 -0.0940411
0.895833 -0.0939975
0.897917 -0.0940337
0.9 -0.0941633
0.902083 -0.0943923
0.904167 -0.0947335
0.90625 -0.0951931
0.908333 -0.0957619
0.910417 -0.0964331
0.9125 -0.0972027
0.914583 -0.0980518
0.916667 -0.0989546
0.91875 -0.0999002
0.920833 -0.1008801
0.922917 -0.1018619
0.925 -0.1028251
0.927083 -0.1037514
0.929167 -0.1046281
0.93125 -0.1054368
0.933333 -0.1061702
0.935417 -0.1068065
0.9375 -0.1073448
0.939583 -0.1077688
0.941667 -0.1080871
0.94375 -0.1083031
0.945833 -0.1084178
0.947917 -0.1084549
0.95 -0.1083996
0.952083 -0.1082879
0.954167 -0.1081277
0.95625 -0.1079473
0.958333 -0.1077546
0.960417 -0.1075828
0.9625 -0.1074622
0.964583 -0.1074017
0.966667 -0.1074241
0.96875 -0.1075504
0.970833 -0.1077922
0.972917 -0.1081436
0.975 -0.1086122
0.977083 -0.1092114
0.979167 -0.1099208
0.98125 -0.1107299
0.983333 -0.1116341
0.985417 -0.1126097
0.9875 -0.1136286
0.989583 -0.1146780
0.991667 -0.1157490
0.99375 -0.1168019
0.995833 -0.1178195
0.997917 -0.1187926
1 -0.1196946
1.00208 -0.1205245
1.00417 -0.1212571
1.00625 -0.1218879
1.00833 -0.1224078
1.01042 -0.1228065
1.0125 -0.1230971
1.01458 -0.1232824
1.01667 -0.1233552
1.01875 -0.1233390
1.02083 -0.1232528
1.02292 -0.1231050
1.025 -0.1229276
1.02708 -0.1227307
1.02917 -0.1225342
1.03125 -0.1223775
1.03333 -0.1222708
1.03542 -0.1222343
1.0375 -0.1223110
1.03958 -0.1224834
1.04167 -0.1227856
1.04375 -0.1232232
1.04583 -0.1237904
1.04792 -0.1244788
1.05 -0.1252767
1.05208 -0.1261776
1.05417 -0.1271722
1.05625 -0.1282154
1.05833 -0.1293091
1.06042 -0.1304186
1.0625 -0.1315307
1.06458 -0.1326200
1.06667 -0.1336584
1.06875 -0.1346342
1.07083 -0.1355372
1.07292 -0.1363395
1.075 -0.1370444
1.07708 -0.1376329
1.07917 -0.1381049
1.08125 -0.1384419
1.08333 -0.1386541
1.08542 -0.1387490
1.0875 -0.1387426
1.08958 -0.1386313
1.09167 -0.1384361
1.09375 -0.1381947
1.09583 -0.1379121
1.09792 -0.1376208
1.1 -0.1373596
1.10208 -0.1371481
1.10417 -0.1370097
1.10625 -0.1369678
1.10833 -0.1370301
1.11042 -0.1372306
1.1125 -0.1375763
1.11458 -0.1380580
1.11667 -0.1386804
1.11875 -0.1394358
1.12083 -0.1402948
1.12292 -0.1412606
1.125 -0.1423083
1.12708 -0.1433974
1.12917 -0.1445202
1.13125 -0.1456460
1.13333 -0.1467613
1.13542 -0.1478307
1.1375 -0.1488286
1.13958 -0.1497583
1.14167 -0.1505838
1.14375 -0.1513106
1.14583 -0.1519111
1.14792 -0.1523904
1.15 -0.1527445
1.15208 -0.1529768
1.15417 -0.1530730
1.15625 -0.1530568
1.15833 -0.1529414
1.16042 -0.1527351
1.1625 -0.1524656
1.16458 -0.1521721
1.16667 -0.1518717
1.16875 -0.1515844
1.17083 -0.1513515
1.17292 -0.1511957
1.175 -0.1511299
1.17708 -0.1511727
1.17917 -0.1513499
1.18125 -0.1516710
1.18333 -0.1521326
1.18542 -0.1527369
1.1875 -0.1534807
1.18958 -0.1543565
1.19167 -0.1553375
1.19375 -0.1564093
1.19583 -0.1575517
1.19792 -0.1587393
1.2 -0.1599387
1.20208 -0.1611329
1.20417 -0.1623040
1.20625 -0.1634214
1.20833 -0.1644647
1.21042 -0.1654197
1.2125 -0.1662796
1.21458 -0.1670118
1.21667 -0.1676165
1.21875 -0.1680960
1.22083 -0.1684378
1.22292 -0.1686435
1.225 -0.1687187
1.22708 -0.1686963
1.22917 -0.1685705
1.23125 -0.1683626
1.23333 -0.1680990
1.23542 -0.1678077
1.2375 -0.1675177
1.23958 -0.1672436
1.24167 -0.1670343
1.24375 -0.1669063
1.24583 -0.1668948
1.24792 -0.1670073
1.25 -0.1672723
1.25208 -0.1676953
1.25417 -0.1682756
1.25625 -0.1690051
1.25833 -0.1698816
1.26042 -0.1708907
1.2625 -0.1719977
1.26458 -0.1731892
1.26667 -0.1744402
1.26875 -0.1757266
1.27083 -0.1770115
1.27292 -0.1782767
1.275 -0.1794906
1.27708 -0.1806426
1.27917 -0.1817039
1.28125 -0.1826579
1.28333 -0.1834734
1.28542 -0.1841561
1.2875 -0.1847047
1.28958 -0.1851044
1.29167 -0.1853591
1.29375 -0.1854787
1.29583 -0.1854680
1.29792 -0.1853466
1.3 -0.1851136
1.30208 -0.1848092
1.30417 -0.1844634
1.30625 -0.1841140
1.30833 -0.1837825
1.31042 -0.1835007
1.3125 -0.1833093
1.31458 -0.1832216
1.31667 -0.1832576
1.31875 -0.1834483
1.32083 -0.1837955
1.32292 -0.1843024
1.325 -0.1849656
1.32708 -0.1857795
1.32917 -0.1867391
1.33125 -0.1878079
1.33333 -0.1889718
1.33542 -0.1902030
1.3375 -0.1914754
1.33958 -0.1927533
1.34167 -0.1940121
1.34375 -0.1952346
1.34583 -0.1963895
1.34792 -0.1974503
1.35 -0.1984118
1.35208 -0.1992547
1.35417 -0.1999520
1.35625 -0.2005091
1.35833 -0.2009193
1.36042 -0.2011852
1.3625 -0.2013094
1.36458 -0.2012874
1.36667 -0.2011424
1.36875 -0.2008918
1.37083 -0.2005536
1.37292 -0.2001505
1.375 -0.1997245
1.37708 -0.1993096
1.37917 -0.1989065
1.38125 -0.1985734
1.38333 -0.1983292
1.38542 -0.1982038
1.3875 -0.1982168
1.38958 -0.1983942
1.39167 -0.1987346
1.39375 -0.1992457
1.39583 -0.1999220
1.39792 -0.2007589
1.4 -0.2017236
1.40208 -0.2028049
1.40417 -0.2039897
1.40625 -0.2052413
1.40833 -0.2065251
1.41042 -0.2078194
1.4125 -0.2090952
1.41458 -0.2103186
1.41667 -0.2114752
1.41875 -0.2125390
1.42083 -0.2134919
1.42292 -0.2143074
1.425 -0.2149866
1.42708 -0.2155020
1.42917 -0.2158656
1.43125 -0.2160789
1.43333 -0.2161388
1.43542 -0.2160456
1.4375 -0.2158486
1.43958 -0.2155469
1.44167 -0.2151668
1.44375 -0.2147509
1.44583 -0.2143155
1.44792 -0.2139117
1.45 -0.2135584
1.45208 -0.2132919
1.45417 -0.2131452
1.45625 -0.2131459
1.45833 -0.2133020
1.46042 -0.2136325
1.4625 -0.2141355
1.46458 -0.2148136
1.46667 -0.2156548
1.46875 -0.2166363
1.47083 -0.2177535
1.47292 -0.2189592
1.475 -0.2202438
1.47708 -0.2215661
1.47917 -0.2229001
1.48125 -0.2242221
1.48333 -0.2255030
1.48542 -0.2267255
1.4875 -0.2278499
1.48958 -0.2288752
1.49167 -0.2297868
1.49375 -0.2305542
1.49583 -0.2311854
1.49792 -0.2316655
1.5 -0.2319834
1.50208 -0.2321492
1.50417 -0.2321691
1.50625 -0.2320539
1.50833 -0.2318233
1.51042 -0.2314957
1.5125 -0.2311031
1.51458 -0.2306813
1.51667 -0.2302666
1.51875 -0.2298783
1.52083 -0.2295657
1.52292 -0.2293526
1.525 -0.2292628
1.52708 -0.2293323
1.52917 -0.2295629
1.53125 -0.2299743
1.53333 -0.2305674
1.53542 -0.2313345
1.5375 -0.2322699
1.53958 -0.2333468
1.54167 -0.2345470
1.54375 -0.2358433
1.54583 -0.2371893
1.54792 -0.2385681
1.55 -0.2399579
1.55208 -0.2413100
1.55417 -0.2426061
1.55625 -0.2438322
1.55833 -0.2449404
1.56042 -0.2459271
1.5625 -0.2467741
1.56458 -0.2474765
1.56667 -0.2480032
1.56875 -0.2483760
1.57083 -0.2485861
1.57292 -0.2486363
1.575 -0.2485282
1.57708 -0.2482971
1.57917 -0.2479438
1.58125 -0.2475124
1.58333 -0.2470258
1.58542 -0.2465182
1.5875 -0.2460305
1.58958 -0.2455963
1.59167 -0.2452437
1.59375 -0.2450215
1.59583 -0.2449512
1.59792 -0.2450415
1.6 -0.2453160
1.60208 -0.2457816
1.60417 -0.2464295
1.60625 -0.2472552
1.60833 -0.2482454
1.61042 -0.2493601
1.6125 -0.2505896
1.61458 -0.2518798
1.61667 -0.2532146
1.61875 -0.2545564
1.62083 -0.2558692
1.62292 -0.2571322
1.625 -0.2583220
1.62708 -0.2594152
1.62917 -0.2603775
1.63125 -0.2612091
1.63333 -0.2618924
1.63542 -0.2624146
1.6375 -0.2627800
1.63958 -0.2629705
1.64167 -0.2629959
1.64375 -0.2628703
1.64583 -0.2625945
1.64792 -0.2622226
1.65 -0.2617341
1.65208 -0.2611946
1.65417 -0.2606229
1.65625 -0.2600685
1.65833 -0.2595651
1.66042 -0.2591450
1.6625 -0.2588423
1.66458 -0.2587021
1.66667 -0.2587307
1.66875 -0.2589484
1.67083 -0.2593681
1.67292 -0.2599873
1.675 -0.2607958
1.67708 -0.2617698
1.67917 -0.2629014
1.68125 -0.2641568
1.68333 -0.2655008
1.68542 -0.2668940
1.6875 -0.2683215
1.68958 -0.2697385
1.69167 -0.2710956
1.69375 -0.2723988
1.69583 -0.2736158
1.69792 -0.2747131
1.7 -0.2756704
1.70208 -0.2764910
1.70417 -0.2771461
1.70625 -0.2776359
1.70833 -0.2779491
1.71042 -0.2780960
1.7125 -0.2780782
1.71458 -0.2779057
1.71667 -0.2775929
1.71875 -0.2771743
1.72083 -0.2766694
1.72292 -0.2761192
1.725 -0.2755607
1.72708 -0.2750253
1.72917 -0.2745588
1.73125 -0.2742074
1.73333 -0.2739898
1.73542 -0.2739473
1.7375 -0.2740850
1.73958 -0.2744415
1.74167 -0.2749898
1.74375 -0.2757464
1.74583 -0.2766966
1.74792 -0.2778264
1.75 -0.2791033
1.75208 -0.2805060
1.75417 -0.2819798
1.75625 -0.2835084
1.75833 -0.2850552
1.76042 -0.2865652
1.7625 -0.2880198
1.76458 -0.2894022
1.76667 -0.2906727
1.76875 -0.2918029
1.77083 -0.2927727
1.77292 -0.2935795
1.775 -0.2942009
1.77708 -0.2946316
1.77917 -0.2948672
1.78125 -0.2949254
1.78333 -0.2948121
1.78542 -0.2945404
1.7875 -0.2941390
1.78958 -0.2936382
1.79167 -0.2930698
1.79375 -0.2924710
1.79583 -0.2918823
1.79792 -0.2913406
1.8 -0.2908957
1.80208 -0.2905823
1.80417 -0.2904282
1.80625 -0.2904687
1.80833 -0.2907202
1.81042 -0.2911771
1.8125 -0.2918640
1.81458 -0.2927526
1.81667 -0.2938114
1.81875 -0.2950377
1.82083 -0.2963933
1.82292 -0.2978516
1.825 -0.2993551
1.82708 -0.3009072
1.82917 -0.3024427
1.83125 -0.3039288
1.83333 -0.3053439
1.83542 -0.3066708
1.8375 -0.3078554
1.83958 -0.3088997
1.84167 -0.3097800
1.84375 -0.3104730
1.84583 -0.3109708
1.84792 -0.3112722
1.85 -0.3113834
1.85208 -0.3113066
1.85417 -0.3110589
1.85625 -0.3106445
1.85833 -0.3101177
1.86042 -0.3094882
1.8625 -0.3088077
1.86458 -0.3081111
1.86667 -0.3074486
1.86875 -0.3068566
1.87083 -0.3063791
1.87292 -0.3060557
1.875 -0.3059061
1.87708 -0.3059552
1.87917 -0.3062042
1.88125 -0.3066887
1.88333 -0.3073907
1.88542 -0.3083120
1.8875 -0.3094083
1.88958 -0.3106659
1.89167 -0.3120439
1.89375 -0.3135001
1.89583 -0.3150095
1.89792 -0.3165344
1.9 -0.3180339
1.90208 -0.3194575
1.90417 -0.3208092
1.90625 -0.3220409
1.90833 -0.3231328
1.91042 -0.3240708
1.9125 -0.3248358
1.91458 -0.3254125
1.91667 -0.3257807
1.91875 -0.3259455
1.92083 -0.3259084
1.92292 -0.3256858
1.925 -0.3252952
1.92708 -0.3247539
1.92917 -0.3241014
1.93125 -0.3233604
1.93333 -0.3225965
1.93542 -0.3218311
1.9375 -0.3211314
1.93958 -0.3205332
1.94167 -0.3200855
1.94375 -0.3198181
1.94583 -0.3197647
1.94792 -0.3199254
1.95 -0.3203259
1.95208 -0.3209684
1.95417 -0.3218272
1.95625 -0.3228981
1.95833 -0.3241482
1.96042 -0.3255365
1.9625 -0.3270446
1.96458 -0.3286233
1.96667 -0.3302295
1.96875 -0.3318401
1.97083 -0.3334200
1.97292 -0.3349112
1.975 -0.3363016
1.97708 -0.3375554
1.97917 -0.3386567
1.98125 -0.3395689
1.98333 -0.3402798
1.98542 -0.3407799
1.9875 -0.3410670
1.98958 -0.3411456
1.99167 -0.3410275
1.99375 -0.3407292
1.99583 -0.3402635
1.99792 -0.3396640
2 -0.3389736
2.00208 -0.3382221
2.00417 -0.3374626
2.00625 -0.3367496
2.00833 -0.3361250
2.01042 -0.3356222
2.0125 -0.3352850
2.01458 -0.3351648
2.01667 -0.3352594
2.01875 -0.3356051
2.02083 -0.3361806
2.02292 -0.3369966
2.025 -0.3380352
2.02708 -0.3392743
2.02917 -0.3406734
2.03125 -0.3422019
2.03333 -0.3438169
2.03542 -0.3454742
2.0375 -0.3471553
2.03958 -0.3488051
2.04167 -0.3503823
2.04375 -0.3518541
2.04583 -0.3532106
2.04792 -0.3544111
2.05 -0.3554491
2.05208 -0.3563054
2.05417 -0.3569514
2.05625 -0.3573925
2.05833 -0.3576122
2.06042 -0.3576232
2.0625 -0.3574288
2.06458 -0.3570588
2.06667 -0.3565098
2.06875 -0.3558211
2.07083 -0.3550713
2.07292 -0.3542648
2.075 -0.3534535
2.07708 -0.3527017
2.07917 -0.3520589
2.08125 -0.3515605
2.08333 -0.3512442
2.08542 -0.3511379
2.0875 -0.3512766
2.08958 -0.3516653
2.09167 -0.3523081
2.09375 -0.3531993
2.09583 -0.3543095
2.09792 -0.3556116
2.1 -0.3570756
2.10208 -0.3586529
2.10417 -0.3603024
2.10625 -0.3619925
2.10833 -0.3636756
2.11042 -0.3653028
2.1125 -0.3668518
2.11458 -0.3682846
2.11667 -0.3695664
2.11875 -0.3706704
2.12083 -0.3715826
2.12292 -0.3722729
2.125 -0.3727424
2.12708 -0.3729754
2.12917 -0.3729743
2.13125 -0.3727578
2.13333 -0.3723321
2.13542 -0.3717362
2.1375 -0.3709789
2.13958 -0.3701084
2.14167 -0.3691768
2.14375 -0.3682257
2.14583 -0.3673138
2.14792 -0.3664952
2.15 -0.3658224
2.15208 -0.3653190
2.15417 -0.3650347
2.15625 -0.3649852
2.15833 -0.3652073
2.16042 -0.3656949
2.1625 -0.3664354
2.16458 -0.3674422
2.16667 -0.3686738
2.16875 -0.3700890
2.17083 -0.3716631
2.17292 -0.3733480
2.175 -0.3751062
2.17708 -0.3768790
2.17917 -0.3786261
2.18125 -0.3803172
2.18333 -0.3819065
2.18542 -0.3833609
2.1875 -0.3846498
2.18958 -0.3857557
2.19167 -0.3866507
2.19375 -0.3873026
2.19583 -0.3877269
2.19792 -0.3879115
2.2 -0.3878620
2.20208 -0.3875811
2.20417 -0.3871138
2.20625 -0.3864643
2.20833 -0.3856755
2.21042 -0.3847974
2.2125 -0.3838728
2.21458 -0.3829536
2.21667 -0.3820968
2.21875 -0.3813626
2.22083 -0.3807882
2.22292 -0.3804295
2.225 -0.3803129
2.22708 -0.3804783
2.22917 -0.3809300
2.23125 -0.3816591
2.23333 -0.3826658
2.23542 -0.3839225
2.2375 -0.3853865
2.23958 -0.3870270
2.24167 -0.3887993
2.24375 -0.3906599
2.24583 -0.3925627
2.24792 -0.3944615
2.25 -0.3963130
2.25208 -0.3980857
2.25417 -0.3997315
2.25625 -0.4012270
2.25833 -0.4025458
2.26042 -0.4036508
2.2625 -0.4045192
2.26458 -0.4051566
2.26667 -0.4055469
2.26875 -0.4056872
2.27083 -0.4055806
2.27292 -0.4052638
2.275 -0.4047470
2.27708 -0.4040679
2.27917 -0.4032640
2.28125 -0.4023967
2.28333 -0.4015090
2.28542 -0.4006627
2.2875 -0.3999121
2.28958 -0.3993126
2.29167 -0.3989238
2.29375 -0.3987710
2.29583 -0.3988869
2.29792 -0.3992777
2.3 -0.3999569
2.30208 -0.4009150
2.30417 -0.4021376
2.30625 -0.4036006
2.30833 -0.4052631
2.31042 -0.4070815
2.3125 -0.4089982
2.31458 -0.4109733
2.31667 -0.4129648
2.31875 -0.4149239
2.32083 -0.4168224
2.32292 -0.4185873
2.325 -0.4201930
2.32708 -0.4216199
2.32917 -0.4228445
2.33125 -0.4238367
2.33333 -0.4245734
2.33542 -0.4250670
2.3375 -0.4253004
2.33958 -0.4252825
2.34167 -0.4250153
2.34375 -0.4245584
2.34583 -0.4239189
2.34792 -0.4231172
2.35 -0.4222444
2.35208 -0.4213337
2.35417 -0.4204348
2.35625 -0.4196026
2.35833 -0.4189125
2.36042 -0.4183940
2.3625 -0.4181093
2.36458 -0.4180767
2.36667 -0.4183205
2.36875 -0.4188451
2.37083 -0.4196656
2.37292 -0.4207597
2.375 -0.4221067
2.37708 -0.4236715
2.37917 -0.4254108
2.38125 -0.4272804
2.38333 -0.4292331
2.38542 -0.4312190
2.3875 -0.4331892
2.38958 -0.4351009
2.39167 -0.4369156
2.39375 -0.4385929
2.39583 -0.4400990
2.39792 -0.4414023
2.4 -0.4424813
2.40208 -0.4433122
2.40417 -0.4438907
2.40625 -0.4442097
2.40833 -0.4442672
2.41042 -0.4440711
2.4125 -0.4436425
2.41458 -0.4430191
2.41667 -0.4422197
2.41875 -0.4412972
2.42083 -0.4403043
2.42292 -0.4393012
2.425 -0.4383550
2.42708 -0.4375086
2.42917 -0.4368401
2.43125 -0.4363887
2.43333 -0.4362024
2.43542 -0.4362964
2.4375 -0.4367010
2.43958 -0.4374139
2.44167 -0.4384352
2.44375 -0.4397532
2.44583 -0.4413065
2.44792 -0.4430650
2.45 -0.4449855
2.45208 -0.4470276
2.45417 -0.4491158
2.45625 -0.4512159
2.45833 -0.4532702
2.46042 -0.4552412
2.4625 -0.4570805
2.46458 -0.4587596
2.46667 -0.4602400
2.46875 -0.4615112
2.47083 -0.4625398
2.47292 -0.4633026
2.475 -0.4638078
2.47708 -0.4640446
2.47917 -0.4640251
2.48125 -0.4637588
2.48333 -0.4632719
2.48542 -0.4625923
2.4875 -0.4617716
2.48958 -0.4608544
2.49167 -0.4598981
2.49375 -0.4589690
2.49583 -0.4581224
2.49792 -0.4574154
2.5 -0.4569144
2.50208 -0.4566584
2.50417 -0.4566864
2.50625 -0.4570152
2.50833 -0.4576596
2.51042 -0.4586249
2.5125 -0.4598790
2.51458 -0.4614047
2.51667 -0.4631667
2.51875 -0.4651137
2.52083 -0.4671982
2.52292 -0.4693716
2.525 -0.4715718
2.52708 -0.4737634
2.52917 -0.4758850
2.53125 -0.4778923
2.53333 -0.4797535
2.53542 -0.4814198
2.5375 -0.4828867
2.53958 -0.4841115
2.54167 -0.4850801
2.54375 -0.4857788
2.54583 -0.4861992
2.54792 -0.4863549
2.55 -0.4862530
2.55208 -0.4859101
2.55417 -0.4853613
2.55625 -0.4846374
2.55833 -0.4837963
2.56042 -0.4828858
2.5625 -0.4819770
2.56458 -0.4811191
2.56667 -0.4803720
2.56875 -0.4798080
2.57083 -0.4794623
2.57292 -0.4793889
2.575 -0.4796059
2.57708 -0.4801430
2.57917 -0.4809956
2.58125 -0.4821541
2.58333 -0.4835875
2.58542 -0.4852797
2.5875 -0.4871719
2.58958 -0.4892387
2.59167 -0.4913953
2.59375 -0.4936203
2.59583 -0.4958411
2.59792 -0.4980173
2.6 -0.5001095
2.60208 -0.5020668
2.60417 -0.5038583
2.60625 -0.5054405
2.60833 -0.5067961
2.61042 -0.5079102
2.6125 -0.5087487
2.61458 -0.5093138
2.61667 -0.5095823
2.61875 -0.5095740
2.62083 -0.5092921
2.62292 -0.5087696
2.625 -0.5080629
2.62708 -0.5071774
2.62917 -0.5061779
2.63125 -0.5051394
2.63333 -0.5041228
2.63542 -0.5031902
2.6375 -0.5024067
2.63958 -0.5018301
2.64167 -0.5015120
2.64375 -0.5014891
2.64583 -0.5017945
2.64792 -0.5024228
2.65 -0.5033832
2.65208 -0.5046561
2.65417 -0.5061951
2.65625 -0.5079830
2.65833 -0.5099669
2.66042 -0.5120745
2.6625 -0.5142694
2.66458 -0.5165128
2.66667 -0.5187103
2.66875 -0.5208552
2.67083 -0.5228739
2.67292 -0.5247411
2.675 -0.5264043
2.67708 -0.5278315
2.67917 -0.5290219
2.68125 -0.5299259
2.68333 -0.5305538
2.68542 -0.5308842
2.6875 -0.5309384
2.68958 -0.5307145
2.69167 -0.5302370
2.69375 -0.5295535
2.69583 -0.5286871
2.69792 -0.5276925
2.7 -0.5266386
2.70208 -0.5255821
2.70417 -0.5246014
2.70625 -0.5237583
2.70833 -0.5231068
2.71042 -0.5227106
2.7125 -0.5226126
2.71458 -0.5228445
2.71667 -0.5234037
2.71875 -0.5242954
2.72083 -0.5255116
2.72292 -0.5270216
2.725 -0.5288021
2.72708 -0.5307955
2.72917 -0.5329597
2.73125 -0.5352337
2.73333 -0.5375597
2.73542 -0.5398856
2.7375 -0.5421490
2.73958 -0.5443063
2.74167 -0.5463295
2.74375 -0.5481640
2.74583 -0.5497908
2.74792 -0.5511654
2.75 -0.5522789
2.75208 -0.5531035
2.75417 -0.5536416
2.75625 -0.5538998
2.75833 -0.5538676
2.76042 -0.5535647
2.7625 -0.5530203
2.76458 -0.5522756
2.76667 -0.5513797
2.76875 -0.5503918
2.77083 -0.5493625
2.77292 -0.5483712
2.775 -0.5474701
2.77708 -0.5467384
2.77917 -0.5462257
2.78125 -0.5459904
2.78333 -0.5460552
2.78542 -0.5464646
2.7875 -0.5472172
2.78958 -0.5483266
2.79167 -0.5497564
2.79375 -0.5514727
2.79583 -0.5534472
2.79792 -0.5556255
2.8 -0.5579263
2.80208 -0.5603033
2.80417 -0.5627101
2.80625 -0.5650828
2.80833 -0.5673809
2.81042 -0.5695493
2.8125 -0.5715481
2.81458 -0.5733453
2.81667 -0.5749035
2.81875 -0.5761953
2.82083 -0.5772112
2.82292 -0.5779268
2.825 -0.5783336
2.82708 -0.5784428
2.82917 -0.5782616
2.83125 -0.5778100
2.83333 -0.5771219
2.83542 -0.5762458
2.8375 -0.5752301
2.83958 -0.5741352
2.84167 -0.5730368
2.84375 -0.5720054
2.84583 -0.5711078
2.84792 -0.5704138
2.85 -0.5699848
2.85208 -0.5698602
2.85417 -0.5700820
2.85625 -0.5706384
2.85833 -0.5715632
2.86042 -0.5728195
2.8625 -0.5743852
2.86458 -0.5762245
2.86667 -0.5782987
2.86875 -0.5805354
2.87083 -0.5828757
2.87292 -0.5852708
2.875 -0.5876566
2.87708 -0.5899826
2.87917 -0.5921825
2.88125 -0.5942374
2.88333 -0.5960924
2.88542 -0.5977246
2.8875 -0.5990844
2.88958 -0.6001647
2.89167 -0.6009562
2.89375 -0.6014281
2.89583 -0.6015759
2.89792 -0.6014213
2.9 -0.6009750
2.90208 -0.6002622
2.90417 -0.5993246
2.90625 -0.5982078
2.90833 -0.5969787
2.91042 -0.5957010
2.9125 -0.5944654
2.91458 -0.5933295
2.91667 -0.5923694
2.91875 -0.5916535
2.92083 -0.5912161
2.92292 -0.5911242
2.925 -0.5913759
2.92708 -0.5919868
2.92917 -0.5929761
2.93125 -0.5943108
2.93333 -0.5959541
2.93542 -0.5978538
2.9375 -0.5999647
2.93958 -0.6022337
2.94167 -0.6045906
2.94375 -0.6069916
2.94583 -0.6093631
2.94792 -0.6116641
2.95 -0.6138353
2.95208 -0.6158513
2.95417 -0.6176535
2.95625 -0.6192107
2.95833 -0.6204969
2.96042 -0.6214917
2.9625 -0.6221501
2.96458 -0.6224860
2.96667 -0.6224926
2.96875 -0.6221970
2.97083 -0.6216233
2.97292 -0.6207887
2.975 -0.6197596
2.97708 -0.6185876
2.97917 -0.6173281
2.98125 -0.6160564
2.98333 -0.6148600
2.98542 -0.6138060
2.9875 -0.6129720
2.98958 -0.6124058
2.99167 -0.6121724
2.99375 -0.6122943
2.99583 -0.6127964
2.99792 -0.6136678
3 -0.6149156
3.00208 -0.6164981
3.00417 -0.6183711
3.00625 -0.6205006
3.00833 -0.6228138
3.01042 -0.6252338
3.0125 -0.6277154
3.01458 -0.6302136
3.01667 -0.6326566
3.01875 -0.6349992
3.02083 -0.6371631
3.02292 -0.6391369
3.025 -0.6408737
3.02708 -0.6423390
3.02917 -0.6435120
3.03125 -0.6443765
3.03333 -0.6449192
3.03542 -0.6451293
3.0375 -0.6450204
3.03958 -0.6445997
3.04167 -0.6439138
3.04375 -0.6429875
3.04583 -0.6418712
3.04792 -0.6406508
3.05 -0.6393703
3.05208 -0.6381150
3.05417 -0.6369745
3.05625 -0.6360181
3.05833 -0.6353188
3.06042 -0.6349272
3.0625 -0.6348786
3.06458 -0.6352071
3.06667 -0.6359267
3.06875 -0.6370405
3.07083 -0.6385127
3.07292 -0.6403159
3.075 -0.6423845
3.07708 -0.6446792
3.07917 -0.6471221
3.08125 -0.6496597
3.08333 -0.6522177
3.08542 -0.6547418
3.0875 -0.6571743
3.08958 -0.6594704
3.09167 -0.6615786
3.09375 -0.6634581
3.09583 -0.6650783
3.09792 -0.6663927
3.1 -0.6673935
3.10208 -0.6680614
3.10417 -0.6683964
3.10625 -0.6683866
3.10833 -0.6680518
3.11042 -0.6674205
3.1125 -0.6665186
3.11458 -0.6653969
3.11667 -0.6641235
3.11875 -0.6627519
3.12083 -0.6613798
3.12292 -0.6600729
3.125 -0.6589199
3.12708 -0.6579908
3.12917 -0.6573425
3.13125 -0.6570209
3.13333 -0.6570873
3.13542 -0.6575453
3.1375 -0.6583898
3.13958 -0.6596113
3.14167 -0.6611888
3.14375 -0.6630766
3.14583 -0.6652047
3.14792 -0.6675251
3.15 -0.6699742
3.15208 -0.6724860
3.15417 -0.6749745
3.15625 -0.6773960
3.15833 -0.6797016
3.16042 -0.6818210
3.1625 -0.6837382
3.16458 -0.6854015
3.16667 -0.6867852
3.16875 -0.6878445
3.17083 -0.6885745
3.17292 -0.6889574
3.175 -0.6889907
3.17708 -0.6886798
3.17917 -0.6880300
3.18125 -0.6871168
3.18333 -0.6859436
3.18542 -0.6845913
3.1875 -0.6831313
3.18958 -0.6816381
3.19167 -0.6801891
3.19375 -0.6788779
3.19583 -0.6777672
3.19792 -0.6769265
3.2 -0.6764249
3.20208 -0.6763087
3.20417 -0.6765963
3.20625 -0.6772944
3.20833 -0.6783860
3.21042 -0.6798644
3.2125 -0.6816775
3.21458 -0.6837675
3.21667 -0.6860717
3.21875 -0.6885210
3.22083 -0.6910654
3.22292 -0.6936280
3.225 -0.6961517
3.22708 -0.6985772
3.22917 -0.7008511
3.23125 -0.7029141
3.23333 -0.7047447
3.23542 -0.7062870
3.2375 -0.7075138
3.23958 -0.7084009
3.24167 -0.7089329
3.24375 -0.7091087
3.24583 -0.7089257
3.24792 -0.7083967
3.25 -0.7075704
3.25208 -0.7064695
3.25417 -0.7051778
3.25625 -0.7037602
3.25833 -0.7022934
3.26042 -0.7008579
3.2625 -0.6995228
3.26458 -0.6983827
3.26667 -0.6975080
3.26875 -0.6969533
3.27083 -0.6967759
3.27292 -0.6969976
3.275 -0.6976219
3.27708 -0.6986632
3.27917 -0.7000829
3.28125 -0.7018629
3.28333 -0.7039404
3.28542 -0.7062580
3.2875 -0.7087577
3.28958 -0.7113673
3.29167 -0.7140168
3.29375 -0.7166410
3.29583 -0.7191787
3.29792 -0.7215740
3.3 -0.7237787
3.30208 -0.7257470
3.30417 -0.7274476
3.30625 -0.7288426
3.30833 -0.7299141
3.31042 -0.7306443
3.3125 -0.7310273
3.31458 -0.7310616
3.31667 -0.7307545
3.31875 -0.7301248
3.32083 -0.7292384
3.32292 -0.7280945
3.325 -0.7267744
3.32708 -0.7253472
3.32917 -0.7238918
3.33125 -0.7224946
3.33333 -0.7212357
3.33542 -0.7201973
3.3375 -0.7194338
3.33958 -0.7190220
3.34167 -0.7189873
3.34375 -0.7193782
3.34583 -0.7201806
3.34792 -0.7213890
3.35 -0.7229803
3.35208 -0.7249064
3.35417 -0.7271106
3.35625 -0.7295175
3.35833 -0.7320757
3.36042 -0.7347055
3.3625 -0.7373343
3.36458 -0.7398985
3.36667 -0.7423437
3.36875 -0.7446165
3.37083 -0.7466755
3.37292 -0.7484664
3.375 -0.7499759
3.37708 -0.7511630
3.37917 -0.7520037
3.38125 -0.7524982
3.38333 -0.7526297
3.38542 -0.7524072
3.3875 -0.7518373
3.38958 -0.7509664
3.39167 -0.7498236
3.39375 -0.7484495
3.39583 -0.7469381
3.39792 -0.7453506
3.4 -0.7437719
3.40208 -0.7422801
3.40417 -0.7409723
3.40625 -0.7399152
3.40833 -0.7391876
3.41042 -0.7388266
3.4125 -0.7388721
3.41458 -0.7393415
3.41667 -0.7402366
3.41875 -0.7415347
3.42083 -0.7431982
3.42292 -0.7451747
3.425 -0.7473994
3.42708 -0.7498058
3.42917 -0.7523318
3.43125 -0.7548952
3.43333 -0.7574276
3.43542 -0.7598730
3.4375 -0.7621760
3.43958 -0.7642841
3.44167 -0.7661431
3.44375 -0.7677281
3.44583 -0.7690109
3.44792 -0.7699614
3.45 -0.7705580
3.45208 -0.7708092
3.45417 -0.7706971
3.45625 -0.7702263
3.45833 -0.7694242
3.46042 -0.7683357
3.4625 -0.7669988
3.46458 -0.7654775
3.46667 -0.7638635
3.46875 -0.7622349
3.47083 -0.7606714
3.47292 -0.7592544
3.475 -0.7580773
3.47708 -0.7572031
3.47917 -0.7566946
3.48125 -0.7565863
3.48333 -0.7569134
3.48542 -0.7576745
3.4875 -0.7588492
3.48958 -0.7604228
3.49167 -0.7623328
3.49375 -0.7645252
3.49583 -0.7669319
3.49792 -0.7694820
3.5 -0.7721089
3.50208 -0.7747397
3.50417 -0.7773107
3.50625 -0.7797637
3.50833 -0.7820519
3.51042 -0.7841095
3.5125 -0.7859136
3.51458 -0.7874194
3.51667 -0.7885982
3.51875 -0.7894259
3.52083 -0.7898928
3.52292 -0.7899868
3.525 -0.7897281
3.52708 -0.7891275
3.52917 -0.7882078
3.53125 -0.7870264
3.53333 -0.7856343
3.53542 -0.7841068
3.5375 -0.7825275
3.53958 -0.7809723
3.54167 -0.7795145
3.54375 -0.7782559
3.54583 -0.7772707
3.54792 -0.7766151
3.55 -0.7763530
3.55208 -0.7765033
3.55417 -0.7770990
3.55625 -0.7781226
3.55833 -0.7795515
3.56042 -0.7813408
3.5625 -0.7834480
3.56458 -0.7858063
3.56667 -0.7883621
3.56875 -0.7910138
3.57083 -0.7936961
3.57292 -0.7963461
3.575 -0.7988908
3.57708 -0.8012697
3.57917 -0.8034475
3.58125 -0.8053693
3.58333 -0.8070009
3.58542 -0.8083157
3.5875 -0.8092916
3.58958 -0.8099132
3.59167 -0.8101619
3.59375 -0.8100375
3.59583 -0.8095617
3.59792 -0.8087536
3.6 -0.8076489
3.60208 -0.8062918
3.60417 -0.8047493
3.60625 -0.8030975
3.60833 -0.8014192
3.61042 -0.7998095
3.6125 -0.7983520
3.61458 -0.7971332
3.61667 -0.7962225
3.61875 -0.7956909
3.62083 -0.7955637
3.62292 -0.7958765
3.625 -0.7966337
3.62708 -0.7978234
3.62917 -0.7994063
3.63125 -0.8013314
3.63333 -0.8035380
3.63542 -0.8059577
3.6375 -0.8084983
3.63958 -0.8111153
3.64167 -0.8137223
3.64375 -0.8162495
3.64583 -0.8186464
3.64792 -0.8208562
3.65 -0.8228441
3.65208 -0.8245496
3.65417 -0.8259389
3.65625 -0.8269865
3.65833 -0.8276586
3.66042 -0.8279598
3.6625 -0.8278648
3.66458 -0.8274000
3.66667 -0.8265758
3.66875 -0.8254255
3.67083 -0.8240083
3.67292 -0.8223679
3.675 -0.8205772
3.67708 -0.8187354
3.67917 -0.8169228
3.68125 -0.8152355
3.68333 -0.8137627
3.68542 -0.8125807
3.6875 -0.8117629
3.68958 -0.8113536
3.69167 -0.8114025
3.69375 -0.8119067
3.69583 -0.8128664
3.69792 -0.8142425
3.7 -0.8159928
3.70208 -0.8180671
3.70417 -0.8203930
3.70625 -0.8228992
3.70833 -0.8255065
3.71042 -0.8281425
3.7125 -0.8307525
3.71458 -0.8332337
3.71667 -0.8355560
3.71875 -0.8376560
3.72083 -0.8395012
3.72292 -0.8410452
3.725 -0.8422709
3.72708 -0.8431452
3.72917 -0.8436506
3.73125 -0.8437793
3.73333 -0.8435302
3.73542 -0.8429151
3.7375 -0.8419611
3.73958 -0.8406982
3.74167 -0.8391839
3.74375 -0.8374937
3.74583 -0.8357019
3.74792 -0.8338869
3.75 -0.8321507
3.75208 -0.8305835
3.75417 -0.8292606
3.75625 -0.8282692
3.75833 -0.8276577
3.76042 -0.8274821
3.7625 -0.8277550
3.76458 -0.8284925
3.76667 -0.8296868
3.76875 -0.8313059
3.77083 -0.8332866
3.77292 -0.8355694
3.775 -0.8380932
3.77708 -0.8407632
3.77917 -0.8434950
3.78125 -0.8462413
3.78333 -0.8489011
3.78542 -0.8514348
3.7875 -0.8537664
3.78958 -0.8558567
3.79167 -0.8576537
3.79375 -0.8591326
3.79583 -0.8602559
3.79792 -0.8609991
3.8 -0.8613560
3.80208 -0.8613158
3.80417 -0.8608844
3.80625 -0.8600885
3.80833 -0.8589585
3.81042 -0.8575391
3.8125 -0.8558969
3.81458 -0.8541042
3.81667 -0.8522380
3.81875 -0.8504163
3.82083 -0.8487156
3.82292 -0.8472303
3.825 -0.8460444
3.82708 -0.8452363
3.82917 -0.8448572
3.83125 -0.8449498
3.83333 -0.8455032
3.83542 -0.8465382
3.8375 -0.8480073
3.83958 -0.8498623
3.84167 -0.8520384
3.84375 -0.8544821
3.84583 -0.8570979
3.84792 -0.8597983
3.85 -0.8625385
3.85208 -0.8652173
3.85417 -0.8677771
3.85625 -0.8701481
3.85833 -0.8722959
3.86042 -0.8741645
3.8625 -0.8757229
3.86458 -0.8769394
3.86667 -0.8777872
3.86875 -0.8782478
3.87083 -0.8783077
3.87292 -0.8779757
3.875 -0.8772680
3.87708 -0.8762141
3.87917 -0.8748482
3.88125 -0.8732329
3.88333 -0.8714331
3.88542 -0.8695229
3.8875 -0.8675993
3.88958 -0.8657493
3.89167 -0.8640786
3.89375 -0.8626674
3.89583 -0.8615797
3.89792 -0.8608873
3.9 -0.8606266
3.90208 -0.8608237
3.90417 -0.8614870
3.90625 -0.8625928
3.90833 -0.8641167
3.91042 -0.8659985
3.9125 -0.8681698
3.91458 -0.8705591
3.91667 -0.8730892
3.91875 -0.8756727
3.92083 -0.8782519
3.92292 -0.8807493
3.925 -0.8830928
3.92708 -0.8852394
3.92917 -0.8871311
3.93125 -0.8887308
3.93333 -0.8900059
3.93542 -0.8909164
3.9375 -0.8914508
3.93958 -0.8915880
3.94167 -0.8913272
3.94375 -0.8906814
3.94583 -0.8896637
3.94792 -0.8883135
3.95 -0.8866653
3.95208 -0.8848022
3.95417 -0.8827874
3.95625 -0.8807136
3.95833 -0.8786779
3.96042 -0.8767700
3.9625 -0.8750910
3.96458 -0.8737244
3.96667 -0.8727467
3.96875 -0.8721968
3.97083 -0.8721203
3.97292 -0.8725349
3.975 -0.8734192
3.97708 -0.8747594
3.97917 -0.8764978
3.98125 -0.8785711
3.98333 -0.8809173
3.98542 -0.8834557
3.9875 -0.8860969
3.98958 -0.8887657
3.99167 -0.8913947
3.99375 -0.8939114
3.99583 -0.8962441
3.99792 -0.8983491
4 -0.9001744
4.00208 -0.9016789
4.00417 -0.9028323
4.00625 -0.9036012
4.00833 -0.9039687
4.01042 -0.9039312
4.0125 -0.9034861
4.01458 -0.9026501
4.01667 -0.9014557
4.01875 -0.8999416
4.02083 -0.8981680
4.02292 -0.8962112
4.025 -0.8941669
4.02708 -0.8921008
4.02917 -0.8901287
4.03125 -0.8883577
4.03333 -0.8868610
4.03542 -0.8857189
4.0375 -0.8850079
4.03958 -0.8847602
4.04167 -0.8850104
4.04375 -0.8857587
4.04583 -0.8869732
4.04792 -0.8886309
4.05 -0.8906707
4.05208 -0.8930138
4.05417 -0.8955897
4.05625 -0.8982988
4.05833 -0.9010743
4.06042 -0.9038363
4.0625 -0.9065001
4.06458 -0.9090008
4.06667 -0.9112840
4.06875 -0.9133029
4.07083 -0.9150029
4.07292 -0.9163549
4.075 -0.9173272
4.07708 -0.9179070
4.07917 -0.9180814
4.08125 -0.9178473
4.08333 -0.9171946
4.08542 -0.9161647
4.0875 -0.9147889
4.08958 -0.9131263
4.09167 -0.9112118
4.09375 -0.9091638
4.09583 -0.9070483
4.09792 -0.9049792
4.1 -0.9030490
4.10208 -0.9013632
4.10417 -0.8999952
4.10625 -0.8990273
4.10833 -0.8985018
4.11042 -0.8984768
4.1125 -0.8989530
4.11458 -0.8999217
4.11667 -0.9013479
4.11875 -0.9031900
4.12083 -0.9053715
4.12292 -0.9078080
4.125 -0.9104406
4.12708 -0.9131486
4.12917 -0.9158863
4.13125 -0.9185580
4.13333 -0.9210968
4.13542 -0.9234366
4.1375 -0.9255189
4.13958 -0.9273025
4.14167 -0.9287473
4.14375 -0.9298319
4.14583 -0.9305092
4.14792 -0.9307687
4.15 -0.9306010
4.15208 -0.9300134
4.15417 -0.9290173
4.15625 -0.9276415
4.15833 -0.9259523
4.16042 -0.9239800
4.1625 -0.9218150
4.16458 -0.9195536
4.16667 -0.9172935
4.16875 -0.9151277
4.17083 -0.9131694
4.17292 -0.9115037
4.175 -0.9102141
4.17708 -0.9093535
4.17917 -0.9089791
4.18125 -0.9091000
4.18333 -0.9097208
4.18542 -0.9108210
4.1875 -0.9123708
4.18958 -0.9142975
4.19167 -0.9165160
4.19375 -0.9189725
4.19583 -0.9215592
4.19792 -0.9241968
4.2 -0.9268111
4.20208 -0.9293363
4.20417 -0.9316906
4.20625 -0.9338370
4.20833 -0.9356990
4.21042 -0.9372384
4.2125 -0.9384310
4.21458 -0.9392267
4.21667 -0.9396096
4.21875 -0.9395887
4.22083 -0.9391444
4.22292 -0.9382966
4.225 -0.9370527
4.22708 -0.9354756
4.22917 -0.9336056
4.23125 -0.9315211
4.23333 -0.9293023
4.23542 -0.9270309
4.2375 -0.9248204
4.23958 -0.9227688
4.24167 -0.9209715
4.24375 -0.9195144
4.24583 -0.9184705
4.24792 -0.9178988
4.25 -0.9178358
4.25208 -0.9182904
4.25417 -0.9192504
4.25625 -0.9206743
4.25833 -0.9225170
4.26042 -0.9247047
4.2625 -0.9271571
4.26458 -0.9297843
4.26667 -0.9325099
4.26875 -0.9352521
4.27083 -0.9379264
4.27292 -0.9404630
4.275 -0.9428017
4.27708 -0.9448752
4.27917 -0.9466323
4.28125 -0.9480531
4.28333 -0.9490926
4.28542 -0.9497311
4.2875 -0.9499523
4.28958 -0.9497491
4.29167 -0.9491372
4.29375 -0.9481193
4.29583 -0.9467349
4.29792 -0.9450314
4.3 -0.9430654
4.30208 -0.9409211
4.30417 -0.9386911
4.30625 -0.9364759
4.30833 -0.9343648
4.31042 -0.9324700
4.3125 -0.9308807
4.31458 -0.9296853
4.31667 -0.9289354
4.31875 -0.9286758
4.32083 -0.9289354
4.32292 -0.9297050
4.325 -0.9309586
4.32708 -0.9326567
4.32917 -0.9347396
4.33125 -0.9371270
4.33333 -0.9397319
4.33542 -0.9424663
4.3375 -0.9452406
4.33958 -0.9479858
4.34167 -0.9506170
4.34375 -0.9530683
4.34583 -0.9552788
4.34792 -0.9571907
4.35 -0.9587665
4.35208 -0.9599753
4.35417 -0.9607844
4.35625 -0.9611820
4.35833 -0.9611487
4.36042 -0.9606978
4.3625 -0.9598223
4.36458 -0.9585667
4.36667 -0.9569722
4.36875 -0.9550842
4.37083 -0.9529672
4.37292 -0.9507119
4.375 -0.9484208
4.37708 -0.9461886
4.37917 -0.9441130
4.38125 -0.9422977
4.38333 -0.9408215
4.38542 -0.9397734
4.3875 -0.9391867
4.38958 -0.9391064
4.39167 -0.9395383
4.39375 -0.9404720
4.39583 -0.9418631
4.39792 -0.9436726
4.4 -0.9458006
4.40208 -0.9481930
4.40417 -0.9507498
4.40625 -0.9534033
4.40833 -0.9560488
4.41042 -0.9586207
4.4125 -0.9610380
4.41458 -0.9632399
4.41667 -0.9651716
4.41875 -0.9667785
4.42083 -0.9680320
4.42292 -0.9689046
4.425 -0.9693576
4.42708 -0.9693826
4.42917 -0.9689709
4.43125 -0.9681310
4.43333 -0.9668855
4.43542 -0.9652645
4.4375 -0.9633362
4.43958 -0.9611440
4.44167 -0.9587806
4.44375 -0.9563295
4.44583 -0.9538998
4.44792 -0.9515886
4.45 -0.9495014
4.45208 -0.9477245
4.45417 -0.9463489
4.45625 -0.9454288
4.45833 -0.9450055
4.46042 -0.9450976
4.4625 -0.9457167
4.46458 -0.9468336
4.46667 -0.9483899
4.46875 -0.9503257
4.47083 -0.9525700
4.47292 -0.9550271
4.475 -0.9576129
4.47708 -0.9602427
4.47917 -0.9628320
4.48125 -0.9653046
4.48333 -0.9675968
4.48542 -0.9696470
4.4875 -0.9714126
4.48958 -0.9728482
4.49167 -0.9739117
4.49375 -0.9745780
4.49583 -0.9748314
4.49792 -0.9746561
4.5 -0.9740525
4.50208 -0.9730314
4.50417 -0.9716230
4.50625 -0.9698630
4.50833 -0.9678125
4.51042 -0.9655401
4.5125 -0.9631455
4.51458 -0.9607328
4.51667 -0.9583855
4.51875 -0.9562071
4.52083 -0.9542960
4.52292 -0.9527523
4.525 -0.9516410
4.52708 -0.9510129
4.52917 -0.9508972
4.53125 -0.9513136
4.53333 -0.9522386
4.53542 -0.9536387
4.5375 -0.9554670
4.53958 -0.9576406
4.54167 -0.9600949
4.54375 -0.9627299
4.54583 -0.9654609
4.54792 -0.9681964
4.55 -0.9708553
4.55208 -0.9733509
4.55417 -0.9756456
4.55625 -0.9776675
4.55833 -0.9793569
4.56042 -0.9806870
4.5625 -0.9816186
4.56458 -0.9821410
4.56667 -0.9822249
4.56875 -0.9818726
4.57083 -0.9810852
4.57292 -0.9798953
4.575 -0.9783213
4.57708 -0.9764321
4.57917 -0.9742716
4.58125 -0.9719343
4.58333 -0.9695123
4.58542 -0.9671071
4.5875 -0.9648177
4.58958 -0.9627537
4.59167 -0.9610039
4.59375 -0.9596545
4.59583 -0.9587692
4.59792 -0.9583854
4.6 -0.9585349
4.60208 -0.9592140
4.60417 -0.9603936
4.60625 -0.9620139
4.60833 -0.9640265
4.61042 -0.9663518
4.6125 -0.9689077
4.61458 -0.9715798
4.61667 -0.9742968
4.61875 -0.9769618
4.62083 -0.9795009
4.62292 -0.9818383
4.625 -0.9839245
4.62708 -0.9857011
4.62917 -0.9871177
4.63125 -0.9881600
4.63333 -0.9888015
4.63542 -0.9890029
4.6375 -0.9887619
4.63958 -0.9880828
4.64167 -0.9869670
4.64375 -0.9854492
4.64583 -0.9835722
4.64792 -0.9814037
4.65 -0.9790002
4.65208 -0.9764667
4.65417 -0.9738908
4.65625 -0.9713907
4.65833 -0.9690612
4.66042 -0.9670064
4.6625 -0.9653205
4.66458 -0.9640836
4.66667 -0.9633489
4.66875 -0.9631371
4.67083 -0.9634755
4.67292 -0.9643272
4.675 -0.9656621
4.67708 -0.9674120
4.67917 -0.9695135
4.68125 -0.9718765
4.68333 -0.9744103
4.68542 -0.9770121
4.6875 -0.9796087
4.68958 -0.9821098
4.69167 -0.9844250
4.69375 -0.9865205
4.69583 -0.9883210
4.69792 -0.9897834
4.7 -0.9908620
4.70208 -0.9915379
4.70417 -0.9917781
4.70625 -0.9915736
4.70833 -0.9909297
4.71042 -0.9898501
4.7125 -0.9883604
4.71458 -0.9864960
4.71667 -0.9843013
4.71875 -0.9818641
4.72083 -0.9792714
4.72292 -0.9766080
4.725 -0.9739782
4.72708 -0.9714988
4.72917 -0.9692696
4.73125 -0.9673814
4.73333 -0.9659299
4.73542 -0.9649649
4.7375 -0.9645176
4.73958 -0.9646330
4.74167 -0.9652739
4.74375 -0.9664276
4.74583 -0.9680416
4.74792 -0.9700440
4.75 -0.9723670
4.75208 -0.9749036
4.75417 -0.9775727
4.75625 -0.9802760
4.75833 -0.9829279
4.76042 -0.9854363
4.7625 -0.9877385
4.76458 -0.9897783
4.76667 -0.9914945
4.76875 -0.9928429
4.77083 -0.9937935
4.77292 -0.9943085
4.775 -0.9943806
4.77708 -0.9939959
4.77917 -0.9931649
4.78125 -0.9919019
4.78333 -0.9902330
4.78542 -0.9882102
4.7875 -0.9859003
4.78958 -0.9833773
4.79167 -0.9807374
4.79375 -0.9780841
4.79583 -0.9755187
4.79792 -0.9731626
4.8 -0.9710974
4.80208 -0.9694165
4.80417 -0.9682064
4.80625 -0.9675150
4.80833 -0.9673882
4.81042 -0.9678007
4.8125 -0.9687597
4.81458 -0.9702165
4.81667 -0.9720957
4.81875 -0.9743318
4.82083 -0.9768402
4.82292 -0.9795272
4.825 -0.9822771
4.82708 -0.9850381
4.82917 -0.9876930
4.83125 -0.9901729
4.83333 -0.9924144
4.83542 -0.9943514
4.8375 -0.9959340
4.83958 -0.9971345
4.84167 -0.9979002
4.84375 -0.9982338
4.84583 -0.9980991
4.84792 -0.9975070
4.85 -0.9964572
4.85208 -0.9949766
4.85417 -0.9931209
4.85625 -0.9909187
4.85833 -0.9884577
4.86042 -0.9858281
4.8625 -0.9831227
4.86458 -0.9804443
4.86667 -0.9779166
4.86875 -0.9756350
4.87083 -0.9736976
4.87292 -0.9721869
4.875 -0.9711727
4.87708 -0.9706944
4.87917 -0.9707663
4.88125 -0.9713865
4.88333 -0.9725327
4.88542 -0.9741391
4.8875 -0.9761418
4.88958 -0.9784614
4.89167 -0.9809876
4.89375 -0.9836369
4.89583 -0.9863069
4.89792 -0.9889212
4.9 -0.9913896
4.90208 -0.9936298
4.90417 -0.9955878
4.90625 -0.9972074
4.90833 -0.9984652
4.91042 -0.9992932
4.9125 -0.9996899
4.91458 -0.9996306
4.91667 -0.9991079
4.91875 -0.9981126
4.92083 -0.9966673
4.92292 -0.9948091
4.925 -0.9925895
4.92708 -0.9900594
4.92917 -0.9873258
4.93125 -0.9844512
4.93333 -0.9815616
4.93542 -0.9787594
4.9375 -0.9761679
4.93958 -0.9738805
4.94167 -0.9719837
4.94375 -0.9705466
4.94583 -0.9696435
4.94792 -0.9692930
4.95 -0.9694878
4.95208 -0.9702245
4.95417 -0.9714678
4.95625 -0.9731430
4.95833 -0.9751656
4.96042 -0.9774663
4.9625 -0.9799469
4.96458 -0.9825020
4.96667 -0.9850574
4.96875 -0.9875342
4.97083 -0.9898425
4.97292 -0.9919012
4.975 -0.9936695
4.97708 -0.9950863
4.97917 -0.9960969
4.98125 -0.9966867
4.98333 -0.9968196
4.98542 -0.9964802
4.9875 -0.9956675
4.98958 -0.9943775
4.99167 -0.9926639
4.99375 -0.9905638
4.99583 -0.9881186
4.99792 -0.9854260
5 -0.9825680
5.00208 -0.9796499
5.00417 -0.9767756
5.00625 -0.9740624
5.00833 -0.9716208
5.01042 -0.9695423
5.0125 -0.9679199
5.01458 -0.9668115
5.01667 -0.9662435
5.01875 -0.9662591
5.02083 -0.9668379
5.02292 -0.9679472
5.025 -0.9695344
5.02708 -0.9715251
5.02917 -0.9738333
5.03125 -0.9763692
5.03333 -0.9790245
5.03542 -0.9817036
5.0375 -0.9843295
5.03958 -0.9868133
5.04167 -0.9890697
5.04375 -0.9910313
5.04583 -0.9926611
5.04792 -0.9938967
5.05 -0.9947103
5.05208 -0.9950913
5.05417 -0.9950080
5.05625 -0.9944638
5.05833 -0.9934619
5.06042 -0.9920092
5.0625 -0.9901597
5.06458 -0.9879478
5.06667 -0.9854364
5.06875 -0.9827239
5.07083 -0.9799007
5.07292 -0.9770591
5.075 -0.9743249
5.07708 -0.9718065
5.07917 -0.9696008
5.08125 -0.9678087
5.08333 -0.9664971
5.08542 -0.9657156
5.0875 -0.9655117
5.08958 -0.9658803
5.09167 -0.9667936
5.09375 -0.9682197
5.09583 -0.9700843
5.09792 -0.9723103
5.1 -0.9748016
5.10208 -0.9774647
5.10417 -0.9801863
5.10625 -0.9828851
5.10833 -0.9854667
5.11042 -0.9878593
5.1125 -0.9899851
5.11458 -0.9917813
5.11667 -0.9932011
5.11875 -0.9941960
5.12083 -0.9947408
5.12292 -0.9948183
5.125 -0.9944288
5.12708 -0.9935612
5.12917 -0.9922239
5.13125 -0.9904591
5.13333 -0.9883107
5.13542 -0.9858380
5.1375 -0.9831067
5.13958 -0.9802141
5.14167 -0.9772632
5.14375 -0.9743631
5.14583 -0.9716261
5.14792 -0.9691661
5.15 -0.9670770
5.15208 -0.9654316
5.15417 -0.9642867
5.15625 -0.9637034
5.15833 -0.9636832
5.16042 -0.9642186
5.1625 -0.9652836
5.16458 -0.9668253
5.16667 -0.9687731
5.16875 -0.9710416
5.17083 -0.9735276
5.17292 -0.9761271
5.175 -0.9787573
5.17708 -0.9813019
5.17917 -0.9836938
5.18125 -0.9858527
5.18333 -0.9877067
5.18542 -0.9892129
5.1875 -0.9903134
5.18958 -0.9909797
5.19167 -0.9911745
5.19375 -0.9908824
5.19583 -0.9901041
5.19792 -0.9888460
5.2 -0.9871326
5.20208 -0.9849957
5.20417 -0.9825321
5.20625 -0.9797503
5.20833 -0.9767585
5.21042 -0.9736650
5.2125 -0.9705704
5.21458 -0.9675850
5.21667 -0.9648259
5.21875 -0.9624106
5.22083 -0.9604088
5.22292 -0.9589087
5.225 -0.9579621
5.22708 -0.9576127
5.22917 -0.9578564
5.23125 -0.9586610
5.23333 -0.9599832
5.23542 -0.9617465
5.2375 -0.9638752
5.23958 -0.9662650
5.24167 -0.9688234
5.24375 -0.9714483
5.24583 -0.9740466
5.24792 -0.9765336
5.25 -0.9788211
5.25208 -0.9808482
5.25417 -0.9825443
5.25625 -0.9838698
5.25833 -0.9847786
5.26042 -0.9852371
5.2625 -0.9852151
5.26458 -0.9847141
5.26667 -0.9837423
5.26875 -0.9823017
5.27083 -0.9804109
5.27292 -0.9781444
5.275 -0.9755425
5.27708 -0.9727037
5.27917 -0.9697014
5.28125 -0.9666506
5.28333 -0.9636541
5.28542 -0.9608347
5.2875 -0.9583002
5.28958 -0.9561498
5.29167 -0.9544657
5.29375 -0.9533266
5.29583 -0.9527598
5.29792 -0.9527743
5.3 -0.9533689
5.30208 -0.9544891
5.30417 -0.9561064
5.30625 -0.9581340
5.30833 -0.9604832
5.31042 -0.9630499
5.3125 -0.9657347
5.31458 -0.9684484
5.31667 -0.9710850
5.31875 -0.9735631
5.32083 -0.9758110
5.32292 -0.9777606
5.325 -0.9793428
5.32708 -0.9805184
5.32917 -0.9812536
5.33125 -0.9815235
5.33333 -0.9813001
5.33542 -0.9805975
5.3375 -0.9794206
5.33958 -0.9777916
5.34167 -0.9757350
5.34375 -0.9733477
5.34583 -0.9706462
5.34792 -0.9677412
5.35 -0.9647537
5.35208 -0.9617521
5.35417 -0.9588687
5.35625 -0.9562042
5.35833 -0.9538762
5.36042 -0.9519671
5.3625 -0.9505563
5.36458 -0.9496842
5.36667 -0.9493939
5.36875 -0.9496826
5.37083 -0.9505244
5.37292 -0.9518781
5.375 -0.9536818
5.37708 -0.9558472
5.37917 -0.9582729
5.38125 -0.9608670
5.38333 -0.9635250
5.38542 -0.9661522
5.3875 -0.9686512
5.38958 -0.9709525
5.39167 -0.9729767
5.39375 -0.9746719
5.39583 -0.9759667
5.39792 -0.9768325
5.4 -0.9772373
5.40208 -0.9771599
5.40417 -0.9765808
5.40625 -0.9755305
5.40833 -0.9739965
5.41042 -0.9720185
5.4125 -0.9696406
5.41458 -0.9669319
5.41667 -0.9639738
5.41875 -0.9608481
5.42083 -0.9576687
5.42292 -0.9545526
5.425 -0.9516187
5.42708 -0.9489686
5.42917 -0.9467026
5.43125 -0.9449040
5.43333 -0.9436396
5.43542 -0.9429528
5.4375 -0.9428382
5.43958 -0.9432983
5.44167 -0.9442989
5.44375 -0.9457794
5.44583 -0.9476730
5.44792 -0.9498680
5.45 -0.9522655
5.45208 -0.9547687
5.45417 -0.9572829
5.45625 -0.9597102
5.45833 -0.9619758
5.46042 -0.9639942
5.4625 -0.9656968
5.46458 -0.9670278
5.46667 -0.9679507
5.46875 -0.9684238
5.47083 -0.9684305
5.47292 -0.9679534
5.475 -0.9669779
5.47708 -0.9655320
5.47917 -0.9636277
5.48125 -0.9613108
5.48333 -0.9586399
5.48542 -0.9556810
5.4875 -0.9525161
5.48958 -0.9492691
5.49167 -0.9460455
5.49375 -0.9429577
5.49583 -0.9401088
5.49792 -0.9376036
5.5 -0.9355390
5.50208 -0.9339957
5.50417 -0.9330105
5.50625 -0.9326225
5.50833 -0.9328251
5.51042 -0.9335917
5.5125 -0.9348689
5.51458 -0.9366055
5.51667 -0.9387097
5.51875 -0.9410907
5.52083 -0.9436286
5.52292 -0.9462411
5.525 -0.9488316
5.52708 -0.9513020
5.52917 -0.9535544
5.53125 -0.9555418
5.53333 -0.9571706
5.53542 -0.9583979
5.5375 -0.9591921
5.53958 -0.9595167
5.54167 -0.9593580
5.54375 -0.9586952
5.54583 -0.9575461
5.54792 -0.9559203
5.55 -0.9538543
5.55208 -0.9514038
5.55417 -0.9486411
5.55625 -0.9456350
5.55833 -0.9424906
5.56042 -0.9393111
5.5625 -0.9362157
5.56458 -0.9333068
5.56667 -0.9306984
5.56875 -0.9284941
5.57083 -0.9267686
5.57292 -0.9255941
5.575 -0.9249961
5.57708 -0.9249886
5.57917 -0.9255770
5.58125 -0.9267104
5.58333 -0.9283221
5.58542 -0.9303589
5.5875 -0.9327058
5.58958 -0.9352890
5.59167 -0.9379700
5.59375 -0.9406703
5.59583 -0.9432901
5.59792 -0.9457349
5.6 -0.9479216
5.60208 -0.9497906
5.60417 -0.9512837
5.60625 -0.9523493
5.60833 -0.9529550
5.61042 -0.9530850
5.6125 -0.9527040
5.61458 -0.9518199
5.61667 -0.9504413
5.61875 -0.9485872
5.62083 -0.9463070
5.62292 -0.9436589
5.625 -0.9407266
5.62708 -0.9375655
5.62917 -0.9343024
5.63125 -0.9310634
5.63333 -0.9279471
5.63542 -0.9250748
5.6375 -0.9225428
5.63958 -0.9204568
5.64167 -0.9188909
5.64375 -0.9178901
5.64583 -0.9174798
5.64792 -0.9176739
5.65 -0.9184468
5.65208 -0.9197494
5.65417 -0.9215030
5.65625 -0.9236344
5.65833 -0.9260480
5.66042 -0.9286238
5.6625 -0.9312706
5.66458 -0.9339015
5.66667 -0.9363840
5.66875 -0.9386628
5.67083 -0.9406483
5.67292 -0.9422873
5.675 -0.9434960
5.67708 -0.9442555
5.67917 -0.9445199
5.68125 -0.9442709
5.68333 -0.9434871
5.68542 -0.9421857
5.6875 -0.9404004
5.68958 -0.9381500
5.69167 -0.9354898
5.69375 -0.9324845
5.69583 -0.9292309
5.69792 -0.9258120
5.7 -0.9223595
5.70208 -0.9189869
5.70417 -0.9158106
5.70625 -0.9129421
5.70833 -0.9104825
5.71042 -0.9085253
5.7125 -0.9071235
5.71458 -0.9063355
5.71667 -0.9061458
5.71875 -0.9065578
5.72083 -0.9075323
5.72292 -0.9090038
5.725 -0.9108964
5.72708 -0.9131176
5.72917 -0.9155713
5.73125 -0.9181441
5.73333 -0.9207384
5.73542 -0.9232565
5.7375 -0.9255921
5.73958 -0.9276804
5.74167 -0.9294438
5.74375 -0.9308228
5.74583 -0.9317666
5.74792 -0.9322415
5.75 -0.9322164
5.75208 -0.9316781
5.75417 -0.9306241
5.75625 -0.9290652
5.75833 -0.9270334
5.76042 -0.9245755
5.7625 -0.9217590
5.76458 -0.9186525
5.76667 -0.9153532
5.76875 -0.9119651
5.77083 -0.9086062
5.77292 -0.9053902
5.775 -0.9024306
5.77708 -0.8998357
5.77917 -0.8976889
5.78125 -0.8960734
5.78333 -0.8950310
5.78542 -0.8946088
5.7875 -0.8947885
5.78958 -0.8955542
5.79167 -0.8968626
5.79375 -0.8986391
5.79583 -0.9008002
5.79792 -0.9032498
5.8 -0.9058839
5.80208 -0.9085825
5.80417 -0.9112656
5.80625 -0.9138134
5.80833 -0.9161425
5.81042 -0.9181807
5.8125 -0.9198651
5.81458 -0.9211402
5.81667 -0.9219559
5.81875 -0.9222923
5.82083 -0.9221139
5.82292 -0.9214175
5.825 -0.9202015
5.82708 -0.9184957
5.82917 -0.9163247
5.83125 -0.9137538
5.83333 -0.9108412
5.83542 -0.9076698
5.8375 -0.9043532
5.83958 -0.9009934
5.84167 -0.8977095
5.84375 -0.8946304
5.84583 -0.8918611
5.84792 -0.8895067
5.85 -0.8876451
5.85208 -0.8863443
5.85417 -0.8856566
5.85625 -0.8855834
5.85833 -0.8861092
5.86042 -0.8872090
5.8625 -0.8888127
5.86458 -0.8908416
5.86667 -0.8932037
5.86875 -0.8958079
5.87083 -0.8985213
5.87292 -0.9012599
5.875 -0.9039146
5.87708 -0.9063901
5.87917 -0.9085969
5.88125 -0.9104616
5.88333 -0.9119296
5.88542 -0.9129517
5.8875 -0.9134767
5.88958 -0.9134972
5.89167 -0.9129846
5.89375 -0.9119418
5.89583 -0.9103766
5.89792 -0.9083324
5.9 -0.9058302
5.90208 -0.9029508
5.90417 -0.8997661
5.90625 -0.8963714
5.90833 -0.8928790
5.91042 -0.8894195
5.9125 -0.8861052
5.91458 -0.8830465
5.91667 -0.8803591
5.91875 -0.8781280
5.92083 -0.8764287
5.92292 -0.8753112
5.925 -0.8748154
5.92708 -0.8749146
5.92917 -0.8756105
5.93125 -0.8768387
5.93333 -0.8785440
5.93542 -0.8806118
5.9375 -0.8829610
5.93958 -0.8854929
5.94167 -0.8880699
5.94375 -0.8906244
5.94583 -0.8930458
5.94792 -0.8952389
5.95 -0.8971312
5.95208 -0.8986673
5.95417 -0.8997769
5.95625 -0.9004101
5.95833 -0.9005406
5.96042 -0.9001372
5.9625 -0.8991961
5.96458 -0.8977274
5.96667 -0.8957470
5.96875 -0.8933073
5.97083 -0.8904541
5.97292 -0.8872538
5.975 -0.8838015
5.97708 -0.8802052
5.97917 -0.8765777
5.98125 -0.8730279
5.98333 -0.8696917
5.98542 -0.8666803
5.9875 -0.8640886
5.98958 -0.8620065
5.99167 -0.8605085
5.99375 -0.8596213
5.99583 -0.8593771
5.99792 -0.8597440
6 -0.8607005
6.00208 -0.8621762
6.00417 -0.8640851
6.00625 -0.8663524
6.00833 -0.8688629
6.01042 -0.8714965
6.0125 -0.8741696
6.01458 -0.8767689
6.01667 -0.8792001
6.01875 -0.8813766
6.02083 -0.8832126
6.02292 -0.8846447
6.025 -0.8856147
6.02708 -0.8860830
6.02917 -0.8860338
6.03125 -0.8854327
6.03333 -0.8842922
6.03542 -0.8826223
6.0375 -0.8804552
6.03958 -0.8778313
6.04167 -0.8748233
6.04375 -0.8715140
6.04583 -0.8679956
6.04792 -0.8643928
6.05 -0.8607996
6.05208 -0.8573686
6.05417 -0.8542075
6.05625 -0.8514260
6.05833 -0.8491137
6.06042 -0.8473650
6.0625 -0.8462183
6.06458 -0.8457275
6.06667 -0.8458651
6.06875 -0.8466300
6.07083 -0.8479557
6.07292 -0.8497666
6.075 -0.8519865
6.07708 -0.8545070
6.07917 -0.8572147
6.08125 -0.8599988
6.08333 -0.8627597
6.08542 -0.8653894
6.0875 -0.8677963
6.08958 -0.8698929
6.09167 -0.8716093
6.09375 -0.8728769
6.09583 -0.8736575
6.09792 -0.8739164
6.1 -0.8736329
6.10208 -0.8727998
6.10417 -0.8714311
6.10625 -0.8695368
6.10833 -0.8671607
6.11042 -0.8643689
6.1125 -0.8612268
6.11458 -0.8578268
6.11667 -0.8542730
6.11875 -0.8506802
6.12083 -0.8471670
6.12292 -0.8438626
6.125 -0.8408760
6.12708 -0.8383140
6.12917 -0.8362573
6.13125 -0.8347848
6.13333 -0.8339295
6.13542 -0.8336829
6.1375 -0.8340603
6.13958 -0.8350295
6.14167 -0.8365217
6.14375 -0.8384581
6.14583 -0.8407493
6.14792 -0.8432837
6.15 -0.8459423
6.15208 -0.8486301
6.15417 -0.8512279
6.15625 -0.8536576
6.15833 -0.8558140
6.16042 -0.8576193
6.1625 -0.8590262
6.16458 -0.8599592
6.16667 -0.8603863
6.16875 -0.8602751
6.17083 -0.8596004
6.17292 -0.8583726
6.175 -0.8565937
6.17708 -0.8543037
6.17917 -0.8515342
6.18125 -0.8483941
6.18333 -0.8449295
6.18542 -0.8412536
6.1875 -0.8374928
6.18958 -0.8337465
6.19167 -0.8301423
6.19375 -0.8268135
6.19583 -0.8238608
6.19792 -0.8213702
6.2 -0.8194345
6.20208 -0.8181028
6.20417 -0.8174135
6.20625 -0.8173463
6.20833 -0.8178969
6.21042 -0.8190102
6.2125 -0.8206095
6.21458 -0.8226048
6.21667 -0.8248886
6.21875 -0.8273530
6.22083 -0.8299061
6.22292 -0.8324245
6.225 -0.8348108
6.22708 -0.8369727
6.22917 -0.8388202
6.23125 -0.8402807
6.23333 -0.8413030
6.23542 -0.8418381
6.2375 -0.8418380
6.23958 -0.8412866
6.24167 -0.8401950
6.24375 -0.8385604
6.24583 -0.8364182
6.24792 -0.8337923
6.25 -0.8307666
6.25208 -0.8273981
6.25417 -0.8237734
6.25625 -0.8200185
6.25833 -0.8162555
6.26042 -0.8125879
6.2625 -0.8091389
6.26458 -0.8060205
6.26667 -0.8033460
6.26875 -0.8011914
6.27083 -0.7996199
6.27292 -0.7986781
6.275 -0.7983774
6.27708 -0.7986992
6.27917 -0.7996082
6.28125 -0.8010394
6.28333 -0.8029100
6.28542 -0.8051249
6.2875 -0.8075875
6.28958 -0.8101888
6.29167 -0.8128132
6.29375 -0.8153530
6.29583 -0.8177109
6.29792 -0.8198124
6.3 -0.8215611
6.30208 -0.8228894
6.30417 -0.8237572
6.30625 -0.8241145
6.30833 -0.8239373
6.31042 -0.8231980
6.3125 -0.8219146
6.31458 -0.8201005
6.31667 -0.8177800
6.31875 -0.8150076
6.32083 -0.8118703
6.32292 -0.8084072
6.325 -0.8047511
6.32708 -0.8010186
6.32917 -0.7973216
6.33125 -0.7937721
6.33333 -0.7904869
6.33542 -0.7875846
6.3375 -0.7851544
6.33958 -0.7832804
6.34167 -0.7820046
6.34375 -0.7813822
6.34583 -0.7813784
6.34792 -0.7819923
6.35 -0.7831822
6.35208 -0.7848696
6.35417 -0.7869682
6.35625 -0.7893709
6.35833 -0.7919705
6.36042 -0.7946528
6.3625 -0.7973156
6.36458 -0.7998556
6.36667 -0.8021726
6.36875 -0.8041890
6.37083 -0.8058123
6.37292 -0.8069828
6.375 -0.8076551
6.37708 -0.8077990
6.37917 -0.8073834
6.38125 -0.8064011
6.38333 -0.8048645
6.38542 -0.8027932
6.3875 -0.8002237
6.38958 -0.7972261
6.39167 -0.7938650
6.39375 -0.7902396
6.39583 -0.7864465
6.39792 -0.7826194
6.4 -0.7788602
6.40208 -0.7753043
6.40417 -0.7720644
6.40625 -0.7692458
6.40833 -0.7669412
6.41042 -0.7652213
6.4125 -0.7641242
6.41458 -0.7636608
6.41667 -0.7638335
6.41875 -0.7646015
6.42083 -0.7659072
6.42292 -0.7676650
6.425 -0.7697898
6.42708 -0.7721626
6.42917 -0.7746889
6.43125 -0.7772485
6.43333 -0.7797373
6.43542 -0.7820448
6.4375 -0.7840862
6.43958 -0.7857727
6.44167 -0.7870372
6.44375 -0.7878272
6.44583 -0.7881013
6.44792 -0.7878186
6.45 -0.7869600
6.45208 -0.7855359
6.45417 -0.7835491
6.45625 -0.7810401
6.45833 -0.7780501
6.46042 -0.7746559
6.4625 -0.7709485
6.46458 -0.7670138
6.46667 -0.7629895
6.46875 -0.7589801
6.47083 -0.7551290
6.47292 -0.7515482
6.475 -0.7483460
6.47708 -0.7456203
6.47917 -0.7434565
6.48125 -0.7418885
6.48333 -0.7409752
6.48542 -0.7406935
6.4875 -0.7410394
6.48958 -0.7419615
6.49167 -0.7433932
6.49375 -0.7452344
6.49583 -0.7474049
6.49792 -0.7497840
6.5 -0.7522784
6.50208 -0.7547689
6.50417 -0.7571574
6.50625 -0.7593448
6.50833 -0.7612337
6.51042 -0.7627537
6.5125 -0.7638306
6.51458 -0.7644179
6.51667 -0.7644615
6.51875 -0.7639405
6.52083 -0.7628327
6.52292 -0.7611554
6.525 -0.7589288
6.52708 -0.7562045
6.52917 -0.7530377
6.53125 -0.7495030
6.53333 -0.7456961
6.53542 -0.7417401
6.5375 -0.7377549
6.53958 -0.7338527
6.54167 -0.7301707
6.54375 -0.7268081
6.54583 -0.7238818
6.54792 -0.7214706
6.55 -0.7196546
6.55208 -0.7184637
6.55417 -0.7179202
6.55625 -0.7180221
6.55833 -0.7187422
6.56042 -0.7200150
6.5625 -0.7217656
6.56458 -0.7239033
6.56667 -0.7263321
6.56875 -0.7289096
6.57083 -0.7315490
6.57292 -0.7341302
6.575 -0.7365466
6.57708 -0.7387092
6.57917 -0.7405266
6.58125 -0.7419279
6.58333 -0.7428332
6.58542 -0.7432138
6.5875 -0.7430388
6.58958 -0.7422785
6.59167 -0.7409376
6.59375 -0.7390420
6.59583 -0.7366204
6.59792 -0.7337094
6.6 -0.7304025
6.60208 -0.7267773
6.60417 -0.7229326
6.60625 -0.7189843
6.60833 -0.7150554
6.61042 -0.7112790
6.6125 -0.7077738
6.61458 -0.7046449
6.61667 -0.7019945
6.61875 -0.6999163
6.62083 -0.6984419
6.62292 -0.6976162
6.625 -0.6974460
6.62708 -0.6979081
6.62917 -0.6989450
6.63125 -0.7004977
6.63333 -0.7024810
6.63542 -0.7047916
6.6375 -0.7073085
6.63958 -0.7099319
6.64167 -0.7125534
6.64375 -0.7150445
6.64583 -0.7173251
6.64792 -0.7192938
6.65 -0.7208786
6.65208 -0.7220031
6.65417 -0.7226118
6.65625 -0.7226632
6.65833 -0.7221156
6.66042 -0.7209769
6.6625 -0.7192529
6.66458 -0.7169618
6.66667 -0.7141519
6.66875 -0.7108837
6.67083 -0.7072564
6.67292 -0.7033377
6.675 -0.6992500
6.67708 -0.6951325
6.67917 -0.6910929
6.68125 -0.6872665
6.68333 -0.6837632
6.68542 -0.6807000
6.6875 -0.6781722
6.68958 -0.6762409
6.69167 -0.6749522
6.69375 -0.6743228
6.69583 -0.6743413
6.69792 -0.6749809
6.7 -0.6761702
6.70208 -0.6778345
6.70417 -0.6798850
6.70625 -0.6822118
6.70833 -0.6847097
6.71042 -0.6872548
6.7125 -0.6897484
6.71458 -0.6920594
6.71667 -0.6941009
6.71875 -0.6957957
6.72083 -0.6970503
6.72292 -0.6978116
6.725 -0.6980331
6.72708 -0.6976732
6.72917 -0.6967020
6.73125 -0.6951427
6.73333 -0.6930063
6.73542 -0.6903298
6.7375 -0.6871532
6.73958 -0.6835618
6.74167 -0.6796518
6.74375 -0.6755213
6.74583 -0.6712965
6.74792 -0.6671008
6.75 -0.6630689
6.75208 -0.6593167
6.75417 -0.6559483
6.75625 -0.6530834
6.75833 -0.6507889
6.76042 -0.6491141
6.7625 -0.6480932
6.76458 -0.6477477
6.76667 -0.6480511
6.76875 -0.6489642
6.77083 -0.6504062
6.77292 -0.6523029
6.775 -0.6545508
6.77708 -0.6570402
6.77917 -0.6596487
6.78125 -0.6622791
6.78333 -0.6647909
6.78542 -0.6670974
6.7875 -0.6690961
6.78958 -0.6707003
6.79167 -0.6718377
6.79375 -0.6724420
6.79583 -0.6724877
6.79792 -0.6719202
6.8 -0.6707526
6.80208 -0.6689782
6.80417 -0.6666234
6.80625 -0.6637540
6.80833 -0.6604125
6.81042 -0.6566824
6.8125 -0.6526733
6.81458 -0.6485060
6.81667 -0.6442928
6.81875 -0.6401726
6.82083 -0.6362643
6.82292 -0.6326963
6.825 -0.6295613
6.82708 -0.6269801
6.82917 -0.6250059
6.83125 -0.6237014
6.83333 -0.6230598
6.83542 -0.6231033
6.8375 -0.6237895
6.83958 -0.6250460
6.84167 -0.6267979
6.84375 -0.6289718
6.84583 -0.6314425
6.84792 -0.6340863
6.85 -0.6368237
6.85208 -0.6395008
6.85417 -0.6420129
6.85625 -0.6442546
6.85833 -0.6461538
6.86042 -0.6476113
6.8625 -0.6485744
6.86458 -0.6489844
6.86667 -0.6488057
6.86875 -0.6480137
6.87083 -0.6466148
6.87292 -0.6446164
6.875 -0.6420509
6.87708 -0.6389918
6.87917 -0.6354968
6.88125 -0.6316602
6.88333 -0.6275986
6.88542 -0.6234164
6.8875 -0.6192435
6.88958 -0.6152167
6.89167 -0.6114532
6.89375 -0.6080664
6.89583 -0.6051599
6.89792 -0.6028071
6.9 -0.6010860
6.90208 -0.6000175
6.90417 -0.5996168
6.90625 -0.5998616
6.90833 -0.6007163
6.91042 -0.6021102
6.9125 -0.6039610
6.91458 -0.6061688
6.91667 -0.6086210
6.91875 -0.6111869
6.92083 -0.6137843
6.92292 -0.6162742
6.925 -0.6185608
6.92708 -0.6205241
6.92917 -0.6221058
6.93125 -0.6232106
6.93333 -0.6237787
6.93542 -0.6237646
6.9375 -0.6231467
6.93958 -0.6219070
6.94167 -0.6200556
6.94375 -0.6176182
6.94583 -0.6146364
6.94792 -0.6111891
6.95 -0.6073501
6.95208 -0.6032169
6.95417 -0.5989098
6.95625 -0.5945556
6.95833 -0.5902816
6.96042 -0.5862202
6.9625 -0.5824824
6.96458 -0.5791884
6.96667 -0.5764240
6.96875 -0.5742571
6.97083 -0.5727334
6.97292 -0.5718848
6.975 -0.5716972
6.97708 -0.5721419
6.97917 -0.5731643
6.98125 -0.5746881
6.98333 -0.5766203
6.98542 -0.5788609
6.9875 -0.5812916
6.98958 -0.5838022
6.99167 -0.5862833
6.99375 -0.5886109
6.99583 -0.5906809
6.99792 -0.5924068
7 -0.5936987
7.00208 -0.5944989
7.00417 -0.5947338
7.00625 -0.5943761
7.00833 -0.5933962
7.01042 -0.5917909
7.0125 -0.5895731
7.01458 -0.5867907
7.01667 -0.5835006
7.01875 -0.5797685
7.02083 -0.5756910
7.02292 -0.5713904
7.025 -0.5669901
7.02708 -0.5625917
7.02917 -0.5583563
7.03125 -0.5544101
7.03333 -0.5508451
7.03542 -0.5477672
7.0375 -0.5452875
7.03958 -0.5434363
7.04167 -0.5422657
7.04375 -0.5417730
7.04583 -0.5419492
7.04792 -0.5427498
7.05 -0.5441078
7.05208 -0.5459352
7.05417 -0.5481308
7.05625 -0.5505764
7.05833 -0.5531641
7.06042 -0.5557756
7.0625 -0.5582913
7.06458 -0.5605948
7.06667 -0.5625794
7.06875 -0.5641629
7.07083 -0.5652646
7.07292 -0.5658312
7.075 -0.5658045
7.07708 -0.5651587
7.07917 -0.5638913
7.08125 -0.5620078
7.08333 -0.5595268
7.08542 -0.5565088
7.0875 -0.5530128
7.08958 -0.5491234
7.09167 -0.5449353
7.09375 -0.5406070
7.09583 -0.5362111
7.09792 -0.5319043
7.1 -0.5278148
7.10208 -0.5240548
7.10417 -0.5207394
7.10625 -0.5179663
7.10833 -0.5157909
7.11042 -0.5142753
7.1125 -0.5134449
7.11458 -0.5132896
7.11667 -0.5137807
7.11875 -0.5148619
7.12083 -0.5164496
7.12292 -0.5184596
7.125 -0.5207857
7.12708 -0.5232964
7.12917 -0.5258935
7.13125 -0.5284446
7.13333 -0.5308376
7.13542 -0.5329686
7.1375 -0.5347210
7.13958 -0.5360327
7.14167 -0.5368187
7.14375 -0.5370365
7.14583 -0.5366370
7.14792 -0.5356207
7.15 -0.5339579
7.15208 -0.5316739
7.15417 -0.5287992
7.15625 -0.5254006
7.15833 -0.5215761
7.16042 -0.5173828
7.1625 -0.5129528
7.16458 -0.5084091
7.16667 -0.5038767
7.16875 -0.4994865
7.17083 -0.4953817
7.17292 -0.4916557
7.175 -0.4884106
7.17708 -0.4857301
7.17917 -0.4836702
7.18125 -0.4822712
7.18333 -0.4815465
7.18542 -0.4814683
7.1875 -0.4820214
7.18958 -0.4831254
7.19167 -0.4846989
7.19375 -0.4866506
7.19583 -0.4888585
7.19792 -0.4912166
7.2 -0.4936116
7.20208 -0.4959252
7.20417 -0.4980320
7.20625 -0.4998529
7.20833 -0.5012586
7.21042 -0.5021911
7.2125 -0.5025907
7.21458 -0.5023871
7.21667 -0.5015467
7.21875 -0.5000760
7.22083 -0.4979643
7.22292 -0.4952332
7.225 -0.4919453
7.22708 -0.4881701
7.22917 -0.4839883
7.23125 -0.4794946
7.23333 -0.4748191
7.23542 -0.4700845
7.2375 -0.4654181
7.23958 -0.4609472
7.24167 -0.4568054
7.24375 -0.4530908
7.24583 -0.4499101
7.24792 -0.4473202
7.25 -0.4453931
7.25208 -0.4441517
7.25417 -0.4435897
7.25625 -0.4436860
7.25833 -0.4443776
7.26042 -0.4455975
7.2625 -0.4472535
7.26458 -0.4492466
7.26667 -0.4514708
7.26875 -0.4538055
7.27083 -0.4561287
7.27292 -0.4583188
7.275 -0.4602753
7.27708 -0.4618811
7.27917 -0.4630498
7.28125 -0.4637185
7.28333 -0.4638126
7.28542 -0.4632941
7.2875 -0.4621443
7.28958 -0.4603640
7.29167 -0.4579521
7.29375 -0.4549539
7.29583 -0.4514216
7.29792 -0.4474422
7.3 -0.4430963
7.30208 -0.4384940
7.30417 -0.4337807
7.30625 -0.4290782
7.30833 -0.4245088
7.31042 -0.4202011
7.3125 -0.4162673
7.31458 -0.4128158
7.31667 -0.4099265
7.31875 -0.4076637
7.32083 -0.4060703
7.32292 -0.4051456
7.325 -0.4048893
7.32708 -0.4052750
7.32917 -0.4062305
7.33125 -0.4076776
7.33333 -0.4095306
7.33542 -0.4116808
7.3375 -0.4139937
7.33958 -0.4163626
7.34167 -0.4186648
7.34375 -0.4207947
7.34583 -0.4226269
7.34792 -0.4240760
7.35 -0.4250591
7.35208 -0.4255091
7.35417 -0.4253516
7.35625 -0.4245653
7.35833 -0.4231465
7.36042 -0.4210953
7.3625 -0.4184387
7.36458 -0.4152110
7.36667 -0.4114942
7.36875 -0.4073677
7.37083 -0.4029260
7.37292 -0.3982943
7.375 -0.3935976
7.37708 -0.3889488
7.37917 -0.3844811
7.38125 -0.3803234
7.38333 -0.3765736
7.38542 -0.3733292
7.3875 -0.3706665
7.38958 -0.3686539
7.39167 -0.3673008
7.39375 -0.3666167
7.39583 -0.3665772
7.39792 -0.3671510
7.4 -0.3682493
7.40208 -0.3697960
7.40417 -0.3716952
7.40625 -0.3738412
7.40833 -0.3760987
7.41042 -0.3783531
7.4125 -0.3804827
7.41458 -0.3823814
7.41667 -0.3839372
7.41875 -0.3850463
7.42083 -0.3856517
7.42292 -0.3856760
7.425 -0.3850817
7.42708 -0.3838285
7.42917 -0.3819228
7.43125 -0.3793822
7.43333 -0.3762352
7.43542 -0.3725434
7.4375 -0.3683959
7.43958 -0.3638769
7.44167 -0.3591179
7.44375 -0.3542238
7.44583 -0.3493291
7.44792 -0.3445685
7.45 -0.3400571
7.45208 -0.3359117
7.45417 -0.3322328
7.45625 -0.3291138
7.45833 -0.3266109
7.46042 -0.3247587
7.4625 -0.3235719
7.46458 -0.3230461
7.46667 -0.3231509
7.46875 -0.3238217
7.47083 -0.3249839
7.47292 -0.3265371
7.475 -0.3283750
7.47708 -0.3303978
7.47917 -0.3324635
7.48125 -0.3344697
7.48333 -0.3363041
7.48542 -0.3378485
7.4875 -0.3390048
7.48958 -0.3396842
7.49167 -0.3398345
7.49375 -0.3393797
7.49583 -0.3382924
7.49792 -0.3365504
7.5 -0.3341661
7.50208 -0.3311588
7.50417 -0.3275741
7.50625 -0.3234851
7.50833 -0.3189754
7.51042 -0.3141515
7.5125 -0.3091404
7.51458 -0.3040705
7.51667 -0.2990670
7.51875 -0.2942582
7.52083 -0.2897575
7.52292 -0.2856950
7.525 -0.2821465
7.52708 -0.2792012
7.52917 -0.2768987
7.53125 -0.2752805
7.53333 -0.2743561
7.53542 -0.2740972
7.5375 -0.2744707
7.53958 -0.2754082
7.54167 -0.2768431
7.54375 -0.2786574
7.54583 -0.2807373
7.54792 -0.2829687
7.55 -0.2852201
7.55208 -0.2873680
7.55417 -0.2892966
7.55625 -0.2908978
7.55833 -0.2920593
7.56042 -0.2926954
7.5625 -0.2927447
7.56458 -0.2921555
7.56667 -0.2908888
7.56875 -0.2889426
7.57083 -0.2863409
7.57292 -0.2831301
7.575 -0.2793646
7.57708 -0.2751324
7.57917 -0.2705147
7.58125 -0.2656433
7.58333 -0.2606352
7.58542 -0.2556222
7.5875 -0.2507413
7.58958 -0.2461147
7.59167 -0.2418643
7.59375 -0.2380802
7.59583 -0.2348679
7.59792 -0.2322983
7.6 -0.2304037
7.60208 -0.2292074
7.60417 -0.2287118
7.60625 -0.2288700
7.60833 -0.2296458
7.61042 -0.2309557
7.6125 -0.2327125
7.61458 -0.2347796
7.61667 -0.2370740
7.61875 -0.2394401
7.62083 -0.2417644
7.62292 -0.2439045
7.625 -0.2457598
7.62708 -0.2472241
7.62917 -0.2481937
7.63125 -0.2485970
7.63333 -0.2483847
7.63542 -0.2474957
7.6375 -0.2459297
7.63958 -0.2436764
7.64167 -0.2407789
7.64375 -0.2372872
7.64583 -0.2332632
7.64792 -0.2288175
7.65 -0.2240467
7.65208 -0.2190687
7.65417 -0.2140125
7.65625 -0.2090139
7.65833 -0.2042081
7.66042 -0.1997049
7.6625 -0.1956348
7.66458 -0.1920901
7.66667 -0.1891485
7.66875 -0.1868609
7.67083 -0.1852733
7.67292 -0.1843826
7.675 -0.1841706
7.67708 -0.1845864
7.67917 -0.1855788
7.68125 -0.1870635
7.68333 -0.1889339
7.68542 -0.1910675
7.6875 -0.1933572
7.68958 -0.1956639
7.69167 -0.1978511
7.69375 -0.1997875
7.69583 -0.2013908
7.69792 -0.2025369
7.7 -0.2031446
7.70208 -0.2031579
7.70417 -0.2025037
7.70625 -0.2011632
7.70833 -0.1991385
7.71042 -0.1964379
7.7125 -0.1930961
7.71458 -0.1891787
7.71667 -0.1847819
7.71875 -0.1800009
7.72083 -0.1749505
7.72292 -0.1697726
7.725 -0.1645892
7.72708 -0.1595357
7.72917 -0.1547370
7.73125 -0.1503182
7.73333 -0.1463825
7.73542 -0.1430145
7.7375 -0.1402788
7.73958 -0.1382256
7.74167 -0.1368808
7.74375 -0.1362355
7.74583 -0.1362688
7.74792 -0.1369106
7.75 -0.1381007
7.75208 -0.1397368
7.75417 -0.1417123
7.75625 -0.1439155
7.75833 -0.1462086
7.76042 -0.1484522
7.7625 -0.1505232
7.76458 -0.1522947
7.76667 -0.1536670
7.76875 -0.1545338
7.77083 -0.1548100
7.77292 -0.1544488
7.775 -0.1534078
7.77708 -0.1516619
7.77917 -0.1492216
7.78125 -0.1461334
7.78333 -0.1424490
7.78542 -0.1382492
7.7875 -0.1336314
7.78958 -0.1286994
7.79167 -0.1235934
7.79375 -0.1184267
7.79583 -0.1133430
7.79792 -0.1084700
7.8 -0.1039303
7.80208 -0.0998229
7.80417 -0.0962502
7.80625 -0.0932942
7.80833 -0.0910130
7.81042 -0.0894218
7.8125 -0.0885470
7.81458 -0.0883635
7.81667 -0.0888247
7.81875 -0.0898669
7.82083 -0.0914151
7.82292 -0.0933586
7.825 -0.0955682
7.82708 -0.0979490
7.82917 -0.1003567
7.83125 -0.1026553
7.83333 -0.1047120
7.83542 -0.1064267
7.8375 -0.1076768
7.83958 -0.1083827
7.84167 -0.1084700
7.84375 -0.1078895
7.84583 -0.1066116
7.84792 -0.1046192
7.85 -0.1019506
7.85208 -0.0986543
7.85417 -0.0947900
7.85625 -0.0904473
7.85833 -0.0857204
7.86042 -0.0807603
7.8625 -0.0756672
7.86458 -0.0705792
7.86667 -0.0656374
7.86875 -0.0609696
7.87083 -0.0566815
7.87292 -0.0528844
7.875 -0.0496574
7.87708 -0.0470833
7.87917 -0.0451809
7.88125 -0.0440033
7.88333 -0.0435308
7.88542 -0.0437355
7.8875 -0.0445687
7.88958 -0.0459565
7.89167 -0.0477987
7.89375 -0.0499747
7.89583 -0.0523664
7.89792 -0.0548425
7.9 -0.0572677
7.90208 -0.0594996
7.90417 -0.0614197
7.90625 -0.0629220
7.90833 -0.0639124
7.91042 -0.0642910
7.9125 -0.0640126
7.91458 -0.0630301
7.91667 -0.0613278
7.91875 -0.0589194
7.92083 -0.0558415
7.92292 -0.0521488
7.925 -0.0479310
7.92708 -0.0432630
7.92917 -0.0382929
7.93125 -0.0331335
7.93333 -0.0279150
7.93542 -0.0227703
7.9375 -0.0178438
7.93958 -0.0132424
7.94167 -0.0090843
7.94375 -0.0054805
7.94583 -0.0024871
7.94792 -0.0001660
7.95 0.0014497
7.95208 0.0023495
7.95417 0.0025520
7.95625 0.0021162
7.95833 0.0010948
7.96042 -0.0004334
7.9625 -0.0023571
7.96458 -0.0045618
7.96667 -0.0069167
7.96875 -0.0092932
7.97083 -0.0115558
7.97292 -0.0135758
7.975 -0.0152355
7.97708 -0.0164127
7.97917 -0.0170066
7.98125 -0.0169576
7.98333 -0.0162072
7.98542 -0.0147302
7.9875 -0.0125321
7.98958 -0.0096263
7.99167 -0.0060808
7.99375 -0.0019653
7.99583 0.0026349
7.99792 0.0076027
