0.00208333 -0.0000993
0.00416667 0.0000734
0.00625 0.0002013
0.00833333 0.0002818
0.0104167 0.0003173
0.0125 0.0003002
0.0145833 0.0002248
0.0166667 0.0001048
0.01875 -0.0000669
0.0208333 -0.0002698
0.0229167 -0.0005009
0.025 -0.0007438
0.0270833 -0.0009986
0.0291667 -0.0012582
0.03125 -0.0015074
0.0333333 -0.0017293
0.0354167 -0.0019156
0.0375 -0.0020642
0.0395833 -0.0021553
0.0416667 -0.0021917
0.04375 -0.0021563
0.0458333 -0.0020482
0.0479167 -0.0018930
0.05 -0.0016574
0.0520833 -0.0013719
0.0541667 -0.0010307
0.05625 -0.0006532
0.0583333 -0.0002477
0.0604167 0.0001748
0.0625 0.0005967
0.0645833 0.0009840
0.0666667 0.0013543
0.06875 0.0016729
0.0708333 0.0019441
0.0729167 0.0021414
0.075 0.0022673
0.0770833 0.0023223
0.0791667 0.0023004
0.08125 0.0022119
0.0833333 0.0020559
0.0854167 0.0018455
0.0875 0.0015858
0.0895833 0.0012915
0.0916667 0.0009695
0.09375 0.0006327
0.0958333 0.0002974
0.0979167 -0.0000208
0.1 -0.0003053
0.102083 -0.0005576
0.104167 -0.0007547
0.10625 -0.0008801
0.108333 -0.0009399
0.110417 -0.0009318
0.1125 -0.0008393
0.114583 -0.0006615
0.116667 -0.0004119
0.11875 -0.0000930
0.120833 0.0002991
0.122917 0.0007496
0.125 0.0012436
0.127083 0.0017655
0.129167 0.0022935
0.13125 0.0028161
0.133333 0.0033144
0.135417 0.0037647
0.1375 0.0041605
0.139583 0.0044750
0.141667 0.0046978
0.14375 0.0048261
0.145833 0.0048595
0.147917 0.0047904
0.15 0.0046246
0.152083 0.0043528
0.154167 0.0040206
0.15625 0.0036204
0.158333 0.0031622
0.160417 0.0026692
0.1625 0.0021592
0.164583 0.0016435
0.166667 0.0011364
0.16875 0.0006740
0.170833 0.0002697
0.172917 -0.0000649
0.175 -0.0003115
0.177083 -0.0004576
0.179167 -0.0004845
0.18125 -0.0004201
0.183333 -0.0002316
0.185417 0.0000563
0.1875 0.0004340
0.189583 0.0008992
0.191667 0.0014451
0.19375 0.0020379
0.195833 0.0026648
0.197917 0.0033112
0.2 0.0039544
0.202083 0.0045581
0.204167 0.0051112
0.20625 0.0055728
0.208333 0.0059446
0.210417 0.0061984
0.2125 0.0063452
0.214583 0.0063635
0.216667 0.0062692
0.21875 0.0060494
0.220833 0.0057271
0.222917 0.0052975
0.225 0.0047920
0.227083 0.0042135
0.229167 0.0035922
0.23125 0.0029459
0.233333 0.0022979
0.235417 0.0016660
0.2375 0.0010859
0.239583 0.0005787
0.241667 0.0001484
0.24375 -0.0001867
0.245833 -0.0004124
0.247917 -0.0005142
0.25 -0.0004966
0.252083 -0.0003416
0.254167 -0.0000764
0.25625 0.0003117
0.258333 0.0008029
0.260417 0.0013837
0.2625 0.0020371
0.264583 0.0027381
0.266667 0.0034708
0.26875 0.0041935
0.270833 0.0048945
0.272917 0.0055370
0.275 0.0061036
0.277083 0.0065761
0.279167 0.0069318
0.28125 0.0071596
0.283333 0.0072536
0.285417 0.0072026
0.2875 0.0070064
0.289583 0.0066827
0.291667 0.0062435
0.29375 0.0056990
0.295833 0.0050716
0.297917 0.0043702
0.3 0.0036452
0.302083 0.0029119
0.304167 0.0021831
0.30625 0.0015002
0.308333 0.0008881
0.310417 0.0003775
0.3125 -0.0000270
0.314583 -0.0002986
0.316667 -0.0004239
0.31875 -0.0003951
0.320833 -0.0002335
0.322917 0.0000910
0.325 0.0005588
0.327083 0.0011456
0.329167 0.0018431
0.33125 0.0026342
0.333333 0.0034985
0.335417 0.0043840
0.3375 0.0052853
0.339583 0.0061636
0.341667 0.0069927
0.34375 0.0077312
0.345833 0.0083675
0.347917 0.0088766
0.35 0.0092373
0.352083 0.0094322
0.354167 0.0094562
0.35625 0.0093214
0.358333 0.0090250
0.360417 0.0085800
0.3625 0.0080070
0.364583 0.0073381
0.366667 0.0065857
0.36875 0.0057664
0.370833 0.0049329
0.372917 0.0041160
0.375 0.0033309
0.377083 0.0026185
0.379167 0.0020000
0.38125 0.0015055
0.383333 0.0011446
0.385417 0.0009505
0.3875 0.0009236
0.389583 0.0010622
0.391667 0.0013657
0.39375 0.0018350
0.395833 0.0024605
0.397917 0.0032218
0.4 0.0040920
0.402083 0.0050353
0.404167 0.0060442
0.40625 0.0070606
0.408333 0.0080582
0.410417 0.0090049
0.4125 0.0098647
0.414583 0.0106011
0.416667 0.0111919
0.41875 0.0116146
0.420833 0.0118567
0.422917 0.0119057
0.425 0.0117623
0.427083 0.0114328
0.429167 0.0109285
0.43125 0.0102629
0.433333 0.0094662
0.435417 0.0085778
0.4375 0.0076182
0.439583 0.0066278
0.441667 0.0056363
0.44375 0.0046793
0.445833 0.0037996
0.447917 0.0030131
0.45 0.0023553
0.452083 0.0018599
0.454167 0.0015364
0.45625 0.0013961
0.458333 0.0014497
0.460417 0.0017003
0.4625 0.0021479
0.464583 0.0027645
0.466667 0.0035398
0.46875 0.0044457
0.470833 0.0054552
0.472917 0.0065270
0.475 0.0076284
0.477083 0.0087173
0.479167 0.0097532
0.48125 0.0107014
0.483333 0.0115376
0.485417 0.0122225
0.4875 0.0127334
0.489583 0.0130519
0.491667 0.0131640
0.49375 0.0130707
0.495833 0.0127597
0.497917 0.0122583
0.5 0.0115825
0.502083 0.0107406
0.504167 0.0097813
0.50625 0.0087266
0.508333 0.0076128
0.510417 0.0064799
0.5125 0.0053646
0.514583 0.0043117
0.516667 0.0033696
0.51875 0.0025556
0.520833 0.0019146
0.522917 0.0014604
0.525 0.0012210
0.527083 0.0012008
0.529167 0.0014005
0.53125 0.0018163
0.533333 0.0024398
0.535417 0.0032456
0.5375 0.0042003
0.539583 0.0052818
0.541667 0.0064538
0.54375 0.0076892
0.545833 0.0089115
0.547917 0.0101135
0.55 0.0112438
0.552083 0.0122592
0.554167 0.0131314
0.55625 0.0138231
0.558333 0.0143125
0.560417 0.0145816
0.5625 0.0146111
0.564583 0.0144146
0.566667 0.0139757
0.56875 0.0133506
0.570833 0.0125271
0.572917 0.0115431
0.575 0.0104530
0.577083 0.0092809
0.579167 0.0080811
0.58125 0.0068870
0.583333 0.0057565
0.585417 0.0047224
0.5875 0.0038143
0.589583 0.0030863
0.591667 0.0025518
0.59375 0.0022442
0.595833 0.0021703
0.597917 0.0023369
0.6 0.0027431
0.602083 0.0033816
0.604167 0.0042383
0.60625 0.0052712
0.608333 0.0064673
0.610417 0.0077681
0.6125 0.0091406
0.614583 0.0105502
0.616667 0.0119334
0.61875 0.0132475
0.620833 0.0144602
0.622917 0.0155101
0.625 0.0163796
0.627083 0.0170300
0.629167 0.0174395
0.63125 0.0175971
0.633333 0.0175102
0.635417 0.0171560
0.6375 0.0165907
0.639583 0.0157998
0.641667 0.0148194
0.64375 0.0137062
0.645833 0.0124760
0.647917 0.0111774
0.65 0.0098659
0.652083 0.0085874
0.654167 0.0073932
0.65625 0.0063218
0.658333 0.0054294
0.660417 0.0047463
0.6625 0.0042847
0.664583 0.0040716
0.666667 0.0041162
0.66875 0.0044287
0.670833 0.0049896
0.672917 0.0057983
0.675 0.0068178
0.677083 0.0080157
0.679167 0.0093569
0.68125 0.0107883
0.683333 0.0122822
0.685417 0.0137730
0.6875 0.0152014
0.689583 0.0165438
0.691667 0.0177372
0.69375 0.0187381
0.695833 0.0195186
0.697917 0.0200475
0.7 0.0203092
0.702083 0.0202961
0.704167 0.0199998
0.70625 0.0194445
0.708333 0.0186397
0.710417 0.0176271
0.7125 0.0164241
0.714583 0.0150972
0.716667 0.0136891
0.71875 0.0122353
0.720833 0.0108020
0.722917 0.0094345
0.725 0.0081768
0.727083 0.0070753
0.729167 0.0061784
0.73125 0.0055212
0.733333 0.0051175
0.735417 0.0049911
0.7375 0.0051444
0.739583 0.0055894
0.741667 0.0062977
0.74375 0.0072678
0.745833 0.0084477
0.747917 0.0098239
0.75 0.0113220
0.752083 0.0129104
0.754167 0.0145365
0.75625 0.0161366
0.758333 0.0176550
0.760417 0.0190539
0.7625 0.0202847
0.764583 0.0212787
0.766667 0.0220158
0.76875 0.0224631
0.770833 0.0226128
0.772917 0.0224498
0.775 0.0219881
0.777083 0.0212452
0.779167 0.0202640
0.78125 0.0190610
0.783333 0.0176935
0.785417 0.0162133
0.7875 0.0146666
0.789583 0.0131155
0.791667 0.0116128
0.79375 0.0102273
0.795833 0.0089877
0.797917 0.0079638
0.8 0.0071943
0.802083 0.0067010
0.804167 0.0065070
0.80625 0.0066223
0.808333 0.0070501
0.810417 0.0077791
0.8125 0.0087794
0.814583 0.0100309
0.816667 0.0114938
0.81875 0.0131196
0.820833 0.0148507
0.822917 0.0166316
0.825 0.0184099
0.827083 0.0201184
0.829167 0.0217055
0.83125 0.0231018
0.833333 0.0242928
0.835417 0.0252139
0.8375 0.0258502
0.839583 0.0261687
0.841667 0.0261884
0.84375 0.0258792
0.845833 0.0252817
0.847917 0.0244106
0.85 0.0232945
0.852083 0.0219834
0.854167 0.0205273
0.85625 0.0189912
0.858333 0.0174102
0.860417 0.0158513
0.8625 0.0143914
0.864583 0.0130645
0.866667 0.0119268
0.86875 0.0110310
0.870833 0.0104153
0.872917 0.0101066
0.875 0.0101112
0.877083 0.0104477
0.879167 0.0111198
0.88125 0.0120979
0.883333 0.0133551
0.885417 0.0148586
0.8875 0.0165611
0.889583 0.0184094
0.891667 0.0203462
0.89375 0.0223120
0.895833 0.0242476
0.897917 0.0260860
0.9 0.0277731
0.902083 0.0292420
0.904167 0.0304571
0.90625 0.0313625
0.908333 0.0319413
0.910417 0.0321718
0.9125 0.0320474
0.914583 0.0315714
0.916667 0.0307849
0.91875 0.0297125
0.920833 0.0283728
0.922917 0.0268376
0.925 0.0251586
0.927083 0.0234185
0.929167 0.0216676
0.93125 0.0199725
0.933333 0.0184033
0.935417 0.0170201
0.9375 0.0158833
0.939583 0.0150278
0.941667 0.0145037
0.94375 0.0143090
0.945833 0.0144710
0.947917 0.0149978
0.95 0.0158809
0.952083 0.0170699
0.954167 0.0185494
0.95625 0.0202739
0.958333 0.0221768
0.960417 0.0242091
0.9625 0.0262988
0.964583 0.0283782
0.966667 0.0303931
0.96875 0.0322584
0.970833 0.0339255
0.972917 0.0353375
0.975 0.0364257
0.977083 0.0371880
0.979167 0.0375790
0.98125 0.0375913
0.983333 0.0372354
0.985417 0.0365229
0.9875 0.0354807
0.989583 0.0341616
0.991667 0.0325965
0.99375 0.0308562
0.995833 0.0290136
0.997917 0.0271238
1 0.0252617
1.00208 0.0234946
1.00417 0.0219118
1.00625 0.0205428
1.00833 0.0194665
1.01042 0.0187197
1.0125 0.0183317
1.01458 0.0183152
1.01667 0.0186866
1.01875 0.0194354
1.02083 0.0205493
1.02292 0.0219880
1.025 0.0236952
1.02708 0.0256454
1.02917 0.0277599
1.03125 0.0299829
1.03333 0.0322245
1.03542 0.0344372
1.0375 0.0365246
1.03958 0.0384381
1.04167 0.0400988
1.04375 0.0414559
1.04583 0.0424563
1.04792 0.0430805
1.05 0.0433142
1.05208 0.0431450
1.05417 0.0425808
1.05625 0.0416528
1.05833 0.0403948
1.06042 0.0388603
1.0625 0.0371022
1.06458 0.0351945
1.06667 0.0332163
1.06875 0.0312219
1.07083 0.0293040
1.07292 0.0275240
1.075 0.0259682
1.07708 0.0246989
1.07917 0.0237545
1.08125 0.0231720
1.08333 0.0229982
1.08542 0.0232348
1.0875 0.0238859
1.08958 0.0249404
1.09167 0.0263838
1.09375 0.0281343
1.09583 0.0301723
1.09792 0.0324174
1.1 0.0348111
1.10208 0.0372710
1.10417 0.0397224
1.10625 0.0420945
1.10833 0.0442981
1.11042 0.0462533
1.1125 0.0479128
1.11458 0.0492184
1.11667 0.0501423
1.11875 0.0506409
1.12083 0.0507182
1.12292 0.0503666
1.125 0.0496037
1.12708 0.0484943
1.12917 0.0470451
1.13125 0.0453370
1.13333 0.0434383
1.13542 0.0414213
1.1375 0.0393630
1.13958 0.0373487
1.14167 0.0354555
1.14375 0.0337519
1.14583 0.0323188
1.14792 0.0312074
1.15 0.0304696
1.15208 0.0301337
1.15417 0.0302350
1.15625 0.0307684
1.15833 0.0317256
1.16042 0.0331000
1.1625 0.0348330
1.16458 0.0368754
1.16667 0.0391691
1.16875 0.0416390
1.17083 0.0442063
1.17292 0.0467882
1.175 0.0493182
1.17708 0.0517123
1.17917 0.0538918
1.18125 0.0557943
1.18333 0.0573570
1.18542 0.0585291
1.1875 0.0592732
1.18958 0.0595628
1.19167 0.0594006
1.19375 0.0588071
1.19583 0.0577987
1.19792 0.0564203
1.2 0.0547273
1.20208 0.0527895
1.20417 0.0506837
1.20625 0.0484867
1.20833 0.0462956
1.21042 0.0441830
1.2125 0.0422303
1.21458 0.0405274
1.21667 0.0391462
1.21875 0.0381221
1.22083 0.0375185
1.22292 0.0373679
1.225 0.0376711
1.22708 0.0384213
1.22917 0.0396188
1.23125 0.0412266
1.23333 0.0431991
1.23542 0.0454712
1.2375 0.0479778
1.23958 0.0506467
1.24167 0.0533854
1.24375 0.0561100
1.24583 0.0587248
1.24792 0.0611599
1.25 0.0633250
1.25208 0.0651497
1.25417 0.0665810
1.25625 0.0675764
1.25833 0.0681030
1.26042 0.0681559
1.2625 0.0677331
1.26458 0.0668586
1.26667 0.0655656
1.26875 0.0639098
1.27083 0.0619638
1.27292 0.0598020
1.275 0.0575056
1.27708 0.0551717
1.27917 0.0528968
1.28125 0.0507493
1.28333 0.0488379
1.28542 0.0472206
1.2875 0.0459694
1.28958 0.0451366
1.29167 0.0447655
1.29375 0.0448916
1.29583 0.0454979
1.29792 0.0465754
1.3 0.0481147
1.30208 0.0500633
1.30417 0.0523524
1.30625 0.0549293
1.30833 0.0577006
1.31042 0.0605866
1.3125 0.0634935
1.31458 0.0663334
1.31667 0.0690176
1.31875 0.0714654
1.32083 0.0735828
1.32292 0.0753224
1.325 0.0766326
1.32708 0.0774680
1.32917 0.0778070
1.33125 0.0776417
1.33333 0.0770036
1.33542 0.0759202
1.3375 0.0744286
1.33958 0.0725974
1.34167 0.0705052
1.34375 0.0682363
1.34583 0.0658682
1.34792 0.0635161
1.35 0.0612631
1.35208 0.0592111
1.35417 0.0574256
1.35625 0.0560120
1.35833 0.0550058
1.36042 0.0544610
1.3625 0.0544067
1.36458 0.0548612
1.36667 0.0558191
1.36875 0.0572602
1.37083 0.0591636
1.37292 0.0614645
1.375 0.0640921
1.37708 0.0669791
1.37917 0.0700396
1.38125 0.0731791
1.38333 0.0763034
1.38542 0.0793188
1.3875 0.0821306
1.38958 0.0846392
1.39167 0.0867876
1.39375 0.0885061
1.39583 0.0897471
1.39792 0.0904661
1.4 0.0906568
1.40208 0.0903239
1.40417 0.0894842
1.40625 0.0881738
1.40833 0.0864622
1.41042 0.0844276
1.4125 0.0821433
1.41458 0.0797107
1.41667 0.0772295
1.41875 0.0748025
1.42083 0.0725310
1.42292 0.0705037
1.425 0.0688091
1.42708 0.0675194
1.42917 0.0666909
1.43125 0.0663683
1.43333 0.0665789
1.43542 0.0673330
1.4375 0.0686040
1.43958 0.0703608
1.44167 0.0725664
1.44375 0.0751440
1.44583 0.0780285
1.44792 0.0811341
1.45 0.0843682
1.45208 0.0876231
1.45417 0.0908074
1.45625 0.0938125
1.45833 0.0965606
1.46042 0.0989662
1.4625 0.1009439
1.46458 0.1024521
1.46667 0.1034423
1.46875 0.1038850
1.47083 0.1037756
1.47292 0.1031388
1.475 0.1020024
1.47708 0.1004184
1.47917 0.0984549
1.48125 0.0962019
1.48333 0.0937380
1.48542 0.0911779
1.4875 0.0886229
1.48958 0.0861733
1.49167 0.0839266
1.49375 0.0819772
1.49583 0.0804074
1.49792 0.0792857
1.5 0.0786683
1.50208 0.0785938
1.50417 0.0790646
1.50625 0.0800985
1.50833 0.0816572
1.51042 0.0837213
1.5125 0.0862134
1.51458 0.0890665
1.51667 0.0921942
1.51875 0.0955041
1.52083 0.0988992
1.52292 0.1022738
1.525 0.1055223
1.52708 0.1085489
1.52917 0.1112777
1.53125 0.1135985
1.53333 0.1154524
1.53542 0.1167894
1.5375 0.1175619
1.53958 0.1177618
1.54167 0.1173824
1.54375 0.1164548
1.54583 0.1150360
1.54792 0.1131751
1.55 0.1109633
1.55208 0.1085069
1.55417 0.1058823
1.55625 0.1031995
1.55833 0.1005898
1.56042 0.0981415
1.5625 0.0959655
1.56458 0.0941492
1.56667 0.0927836
1.56875 0.0919183
1.57083 0.0916041
1.57292 0.0918687
1.575 0.0927200
1.57708 0.0941335
1.57917 0.0960913
1.58125 0.0985354
1.58333 0.1014019
1.58542 0.1045995
1.5875 0.1080371
1.58958 0.1116115
1.59167 0.1152339
1.59375 0.1187756
1.59583 0.1221323
1.59792 0.1252080
1.6 0.1279034
1.60208 0.1301465
1.60417 0.1318642
1.60625 0.1330293
1.60833 0.1336021
1.61042 0.1335787
1.6125 0.1329604
1.61458 0.1318272
1.61667 0.1301883
1.61875 0.1281446
1.62083 0.1257988
1.62292 0.1232359
1.625 0.1205802
1.62708 0.1179270
1.62917 0.1154101
1.63125 0.1131187
1.63333 0.1111540
1.63542 0.1096169
1.6375 0.1085649
1.63958 0.1080660
1.64167 0.1081497
1.64375 0.1088370
1.64583 0.1101235
1.64792 0.1119673
1.65 0.1143547
1.65208 0.1171870
1.65417 0.1204067
1.65625 0.1239121
1.65833 0.1276020
1.66042 0.1313785
1.6625 0.1351222
1.66458 0.1387141
1.66667 0.1420545
1.66875 0.1450486
1.67083 0.1475971
1.67292 0.1496342
1.675 0.1511045
1.67708 0.1519762
1.67917 0.1522222
1.68125 0.1518519
1.68333 0.1508892
1.68542 0.1493983
1.6875 0.1474480
1.68958 0.1451225
1.69167 0.1425219
1.69375 0.1397623
1.69583 0.1369539
1.69792 0.1342292
1.7 0.1316858
1.70208 0.1294404
1.70417 0.1275818
1.70625 0.1262035
1.70833 0.1253639
1.71042 0.1251185
1.7125 0.1254965
1.71458 0.1264963
1.71667 0.1281145
1.71875 0.1302993
1.72083 0.1329976
1.72292 0.1361360
1.725 0.1396278
1.72708 0.1433677
1.72917 0.1472466
1.73125 0.1511537
1.73333 0.1549660
1.73542 0.1585739
1.7375 0.1618717
1.73958 0.1647627
1.74167 0.1671515
1.74375 0.1689611
1.74583 0.1701609
1.74792 0.1707036
1.75 0.1705864
1.75208 0.1698428
1.75417 0.1684998
1.75625 0.1666439
1.75833 0.1643402
1.76042 0.1616912
1.7625 0.1588230
1.76458 0.1558419
1.76667 0.1528835
1.76875 0.1500647
1.77083 0.1475115
1.77292 0.1453297
1.775 0.1436220
1.77708 0.1424626
1.77917 0.1419092
1.78125 0.1419960
1.78333 0.1427371
1.78542 0.1441191
1.7875 0.1461241
1.78958 0.1486886
1.79167 0.1517625
1.79375 0.1552409
1.79583 0.1590334
1.79792 0.1630289
1.8 0.1671071
1.80208 0.1711510
1.80417 0.1750331
1.80625 0.1786410
1.80833 0.1818643
1.81042 0.1846163
1.8125 0.1868015
1.81458 0.1883716
1.81667 0.1892850
1.81875 0.1895231
1.82083 0.1891075
1.82292 0.1880501
1.825 0.1864285
1.82708 0.1842935
1.82917 0.1817495
1.83125 0.1789190
1.83333 0.1759184
1.83542 0.1728668
1.8375 0.1699030
1.83958 0.1671527
1.84167 0.1647399
1.84375 0.1627578
1.84583 0.1613086
1.84792 0.1604611
1.85 0.1602637
1.85208 0.1607417
1.85417 0.1619068
1.85625 0.1637382
1.85833 0.1661823
1.86042 0.1691857
1.8625 0.1726621
1.86458 0.1765254
1.86667 0.1806557
1.86875 0.1849345
1.87083 0.1892331
1.87292 0.1934421
1.875 0.1974252
1.87708 0.2010759
1.87917 0.2042993
1.88125 0.2069763
1.88333 0.2090445
1.88542 0.2104478
1.8875 0.2111508
1.88958 0.2111486
1.89167 0.2104682
1.89375 0.2091564
1.89583 0.2072724
1.89792 0.2049015
1.9 0.2021649
1.90208 0.1991882
1.90417 0.1961009
1.90625 0.1930377
1.90833 0.1901165
1.91042 0.1874811
1.9125 0.1852434
1.91458 0.1835043
1.91667 0.1823571
1.91875 0.1818720
1.92083 0.1820726
1.92292 0.1829810
1.925 0.1845937
1.92708 0.1868772
1.92917 0.1897649
1.93125 0.1931910
1.93333 0.1970577
1.93542 0.2012579
1.9375 0.2056680
1.93958 0.2101691
1.94167 0.2146259
1.94375 0.2189128
1.94583 0.2228900
1.94792 0.2264490
1.95 0.2295012
1.95208 0.2319464
1.95417 0.2337199
1.95625 0.2347886
1.95833 0.2351229
1.96042 0.2347326
1.9625 0.2336560
1.96458 0.2319456
1.96667 0.2296981
1.96875 0.2269993
1.97083 0.2239738
1.97292 0.2207569
1.975 0.2174944
1.97708 0.2143266
1.97917 0.2113914
1.98125 0.2088199
1.98333 0.2067342
1.98542 0.2052266
1.9875 0.2043681
1.98958 0.2042221
1.99167 0.2047937
1.99375 0.2060898
1.99583 0.2080995
1.99792 0.2107682
2 0.2140241
2.00208 0.2177778
2.00417 0.2219310
2.00625 0.2263607
2.00833 0.2309375
2.01042 0.2355311
2.0125 0.2400210
2.01458 0.2442598
2.01667 0.2481329
2.01875 0.2515093
2.02083 0.2543219
2.02292 0.2564719
2.025 0.2579059
2.02708 0.2585961
2.02917 0.2585404
2.03125 0.2577439
2.03333 0.2562693
2.03542 0.2541929
2.0375 0.2516032
2.03958 0.2486153
2.04167 0.2453789
2.04375 0.2420321
2.04583 0.2387031
2.04792 0.2355419
2.05 0.2326851
2.05208 0.2302576
2.05417 0.2283811
2.05625 0.2271303
2.05833 0.2265782
2.06042 0.2267735
2.0625 0.2277293
2.06458 0.2294328
2.06667 0.2318613
2.06875 0.2349541
2.07083 0.2386028
2.07292 0.2427457
2.075 0.2472506
2.07708 0.2519777
2.07917 0.2568017
2.08125 0.2615852
2.08333 0.2661866
2.08542 0.2704802
2.0875 0.2743250
2.08958 0.2776253
2.09167 0.2802753
2.09375 0.2822031
2.09583 0.2833578
2.09792 0.2837433
2.1 0.2833424
2.10208 0.2821989
2.10417 0.2804004
2.10625 0.2780026
2.10833 0.2751334
2.11042 0.2719371
2.1125 0.2685310
2.11458 0.2650871
2.11667 0.2617595
2.11875 0.2586797
2.12083 0.2560049
2.12292 0.2538636
2.125 0.2523398
2.12708 0.2515230
2.12917 0.2514674
2.13125 0.2521962
2.13333 0.2536995
2.13542 0.2559720
2.1375 0.2589550
2.13958 0.2625708
2.14167 0.2667359
2.14375 0.2713188
2.14583 0.2761995
2.14792 0.2812387
2.15 0.2862974
2.15208 0.2912383
2.15417 0.2959110
2.15625 0.3001882
2.15833 0.3039493
2.16042 0.3070891
2.1625 0.3094983
2.16458 0.3111278
2.16667 0.3119463
2.16875 0.3119409
2.17083 0.3111327
2.17292 0.3095840
2.175 0.3073723
2.17708 0.3046035
2.17917 0.3014120
2.18125 0.2979317
2.18333 0.2943275
2.18542 0.2907654
2.1875 0.2873822
2.18958 0.2843315
2.19167 0.2817705
2.19375 0.2797984
2.19583 0.2785197
2.19792 0.2780049
2.2 0.2782927
2.20208 0.2794094
2.20417 0.2813008
2.20625 0.2839756
2.20833 0.2873491
2.21042 0.2913260
2.2125 0.2958024
2.21458 0.3006672
2.21667 0.3057644
2.21875 0.3109558
2.22083 0.3160851
2.22292 0.3210154
2.225 0.3255928
2.22708 0.3296788
2.22917 0.3331633
2.23125 0.3359398
2.23333 0.3379276
2.23542 0.3390842
2.2375 0.3393987
2.23958 0.3388785
2.24167 0.3375604
2.24375 0.3355141
2.24583 0.3328399
2.24792 0.3296621
2.25 0.3261257
2.25208 0.3223777
2.25417 0.3185835
2.25625 0.3149013
2.25833 0.3114940
2.26042 0.3085162
2.2625 0.3061006
2.26458 0.3043483
2.26667 0.3033497
2.26875 0.3031709
2.27083 0.3038431
2.27292 0.3053319
2.275 0.3076408
2.27708 0.3107033
2.27917 0.3144481
2.28125 0.3187605
2.28333 0.3235255
2.28542 0.3286120
2.2875 0.3338590
2.28958 0.3391063
2.29167 0.3442157
2.29375 0.3490389
2.29583 0.3534255
2.29792 0.3572574
2.3 0.3604255
2.30208 0.3628296
2.30417 0.3643969
2.30625 0.3651087
2.30833 0.3649467
2.31042 0.3639437
2.3125 0.3621485
2.31458 0.3596635
2.31667 0.3565982
2.31875 0.3530839
2.32083 0.3492879
2.32292 0.3453654
2.325 0.3414985
2.32708 0.3378403
2.32917 0.3345590
2.33125 0.3317943
2.33333 0.3296800
2.33542 0.3283024
2.3375 0.3277387
2.33958 0.3280227
2.34167 0.3291888
2.34375 0.3311856
2.34583 0.3339979
2.34792 0.3375536
2.35 0.3417277
2.35208 0.3464246
2.35417 0.3515031
2.35625 0.3568331
2.35833 0.3622511
2.36042 0.3676069
2.3625 0.3727416
2.36458 0.3775192
2.36667 0.3817827
2.36875 0.3854138
2.37083 0.3883103
2.37292 0.3903924
2.375 0.3916087
2.37708 0.3919250
2.37917 0.3913654
2.38125 0.3899633
2.38333 0.3877968
2.38542 0.3849812
2.3875 0.3816340
2.38958 0.3779166
2.39167 0.3739855
2.39375 0.3700165
2.39583 0.3661900
2.39792 0.3626664
2.4 0.3596071
2.40208 0.3571518
2.40417 0.3554118
2.40625 0.3544684
2.40833 0.3543897
2.41042 0.3552015
2.4125 0.3568973
2.41458 0.3594459
2.41667 0.3627945
2.41875 0.3668570
2.42083 0.3715057
2.42292 0.3766226
2.425 0.3820544
2.42708 0.3876551
2.42917 0.3932625
2.43125 0.3987023
2.43333 0.4038312
2.43542 0.4084985
2.4375 0.4125587
2.43958 0.4159030
2.44167 0.4184358
2.44375 0.4200834
2.44583 0.4208130
2.44792 0.4206221
2.45 0.4195397
2.45208 0.4176322
2.45417 0.4149856
2.45625 0.4117337
2.45833 0.4080199
2.46042 0.4040129
2.4625 0.3998817
2.46458 0.3958126
2.46667 0.3919786
2.46875 0.3885410
2.47083 0.3856535
2.47292 0.3834513
2.475 0.3820266
2.47708 0.3814555
2.47917 0.3817871
2.48125 0.3830376
2.48333 0.3851787
2.48542 0.3881721
2.4875 0.3919368
2.48958 0.3963639
2.49167 0.4013272
2.49375 0.4066944
2.49583 0.4123004
2.49792 0.4180041
2.5 0.4236222
2.50208 0.4289900
2.50417 0.4339628
2.50625 0.4383922
2.50833 0.4421456
2.51042 0.4450995
2.5125 0.4471953
2.51458 0.4483575
2.51667 0.4485810
2.51875 0.4478544
2.52083 0.4462539
2.52292 0.4438375
2.525 0.4407297
2.52708 0.4370760
2.52917 0.4330302
2.53125 0.4287744
2.53333 0.4244856
2.53542 0.4203498
2.5375 0.4165516
2.53958 0.4132578
2.54167 0.4105935
2.54375 0.4086918
2.54583 0.4076312
2.54792 0.4074857
2.55 0.4082611
2.55208 0.4099763
2.55417 0.4125765
2.55625 0.4160107
2.55833 0.4201720
2.56042 0.4249508
2.5625 0.4302199
2.56458 0.4358171
2.56667 0.4415975
2.56875 0.4473749
2.57083 0.4529873
2.57292 0.4582656
2.575 0.4630708
2.57708 0.4672493
2.57917 0.4706779
2.58125 0.4732550
2.58333 0.4749218
2.58542 0.4756265
2.5875 0.4753766
2.58958 0.4741772
2.59167 0.4721320
2.59375 0.4693066
2.59583 0.4658379
2.59792 0.4618937
2.6 0.4576388
2.60208 0.4532531
2.60417 0.4489332
2.60625 0.4448774
2.60833 0.4412398
2.61042 0.4381815
2.6125 0.4358543
2.61458 0.4343517
2.61667 0.4337654
2.61875 0.4341359
2.62083 0.4354813
2.62292 0.4377795
2.625 0.4409641
2.62708 0.4449630
2.62917 0.4496644
2.63125 0.4549375
2.63333 0.4606348
2.63542 0.4665835
2.6375 0.4726334
2.63958 0.4785991
2.64167 0.4843040
2.64375 0.4895992
2.64583 0.4943160
2.64792 0.4983118
2.65 0.5014742
2.65208 0.5037216
2.65417 0.5049897
2.65625 0.5052665
2.65833 0.5045637
2.66042 0.5029243
2.6625 0.5004466
2.66458 0.4972335
2.66667 0.4934567
2.66875 0.4892620
2.67083 0.4848586
2.67292 0.4804299
2.675 0.4761867
2.67708 0.4723014
2.67917 0.4689357
2.68125 0.4662554
2.68333 0.4643837
2.68542 0.4634152
2.6875 0.4633939
2.68958 0.4643690
2.69167 0.4663155
2.69375 0.4691920
2.69583 0.4729427
2.69792 0.4774581
2.7 0.4826095
2.70208 0.4882493
2.70417 0.4942238
2.70625 0.5003609
2.70833 0.5064841
2.71042 0.5124156
2.7125 0.5179994
2.71458 0.5230690
2.71667 0.5274650
2.71875 0.5310674
2.72083 0.5337724
2.72292 0.5355127
2.725 0.5362416
2.72708 0.5359530
2.72917 0.5346838
2.73125 0.5325064
2.73333 0.5295285
2.73542 0.5258774
2.7375 0.5217340
2.73958 0.5172639
2.74167 0.5126697
2.74375 0.5081606
2.74583 0.5039260
2.74792 0.5001560
2.75 0.4970031
2.75208 0.4946180
2.75417 0.4931151
2.75625 0.4925595
2.75833 0.4930076
2.76042 0.4944622
2.7625 0.4968984
2.76458 0.5002644
2.76667 0.5044540
2.76875 0.5093578
2.77083 0.5148571
2.77292 0.5207805
2.775 0.5269586
2.77708 0.5332292
2.77917 0.5394130
2.78125 0.5453088
2.78333 0.5507757
2.78542 0.5556317
2.7875 0.5597347
2.78958 0.5629547
2.79167 0.5652109
2.79375 0.5664474
2.79583 0.5666342
2.79792 0.5657971
2.8 0.5639754
2.80208 0.5612845
2.80417 0.5578224
2.80625 0.5537689
2.80833 0.5493130
2.81042 0.5446240
2.8125 0.5399191
2.81458 0.5353962
2.81667 0.5312491
2.81875 0.5276692
2.82083 0.5248118
2.82292 0.5228060
2.825 0.5217550
2.82708 0.5217106
2.82917 0.5227072
2.83125 0.5247349
2.83333 0.5277493
2.83542 0.5316727
2.8375 0.5363941
2.83958 0.5417950
2.84167 0.5477201
2.84375 0.5540003
2.84583 0.5604515
2.84792 0.5668914
2.85 0.5731379
2.85208 0.5790062
2.85417 0.5843389
2.85625 0.5889737
2.85833 0.5927746
2.86042 0.5956346
2.8625 0.5974756
2.86458 0.5982516
2.86667 0.5979700
2.86875 0.5966560
2.87083 0.5944021
2.87292 0.5912949
2.875 0.5874920
2.87708 0.5831812
2.87917 0.5785538
2.88125 0.5738040
2.88333 0.5691440
2.88542 0.5647795
2.8875 0.5609101
2.88958 0.5576978
2.89167 0.5553107
2.89375 0.5538464
2.89583 0.5534077
2.89792 0.5540189
2.9 0.5557011
2.90208 0.5584269
2.90417 0.5621277
2.90625 0.5667153
2.90833 0.5720582
2.91042 0.5780151
2.9125 0.5844095
2.91458 0.5910792
2.91667 0.5978372
2.91875 0.6044870
2.92083 0.6108479
2.92292 0.6167461
2.925 0.6220084
2.92708 0.6264784
2.92917 0.6300159
2.93125 0.6325474
2.93333 0.6340023
2.93542 0.6343515
2.9375 0.6336100
2.93958 0.6318368
2.94167 0.6291377
2.94375 0.6256317
2.94583 0.6214789
2.94792 0.6168846
2.95 0.6120627
2.95208 0.6072119
2.95417 0.6025504
2.95625 0.5982938
2.95833 0.5946356
2.96042 0.5917466
2.9625 0.5897636
2.96458 0.5887818
2.96667 0.5888697
2.96875 0.5900477
2.97083 0.5923031
2.97292 0.5955965
2.975 0.5998320
2.97708 0.6049087
2.97917 0.6106876
2.98125 0.6170149
2.98333 0.6237065
2.98542 0.6305777
2.9875 0.6374276
2.98958 0.6440790
2.99167 0.6503286
2.99375 0.6560120
2.99583 0.6609488
2.99792 0.6650046
3 0.6680609
3.00208 0.6700418
3.00417 0.6709006
3.00625 0.6706211
3.00833 0.6692605
3.01042 0.6668972
3.0125 0.6636352
3.01458 0.6596428
3.01667 0.6550932
3.01875 0.6502057
3.02083 0.6451891
3.02292 0.6402749
3.025 0.6356764
3.02708 0.6316031
3.02917 0.6282336
3.03125 0.6257176
3.03333 0.6241778
3.03542 0.6237019
3.0375 0.6243353
3.03958 0.6260813
3.04167 0.6289149
3.04375 0.6327681
3.04583 0.6375380
3.04792 0.6430781
3.05 0.6492794
3.05208 0.6559346
3.05417 0.6628769
3.05625 0.6698974
3.05833 0.6768056
3.06042 0.6834038
3.0625 0.6895059
3.06458 0.6949382
3.06667 0.6995307
3.06875 0.7031574
3.07083 0.7057095
3.07292 0.7071248
3.075 0.7073868
3.07708 0.7065140
3.07917 0.7045605
3.08125 0.7016360
3.08333 0.6978919
3.08542 0.6934945
3.0875 0.6886483
3.08958 0.6835696
3.09167 0.6784784
3.09375 0.6736146
3.09583 0.6691889
3.09792 0.6653995
3.1 0.6624306
3.10208 0.6603959
3.10417 0.6594216
3.10625 0.6595732
3.10833 0.6608728
3.11042 0.6633005
3.1125 0.6668094
3.11458 0.6713181
3.11667 0.6766917
3.11875 0.6827867
3.12083 0.6894551
3.12292 0.6965131
3.125 0.7037497
3.12708 0.7109694
3.12917 0.7179715
3.13125 0.7245621
3.13333 0.7305506
3.13542 0.7357635
3.1375 0.7400642
3.13958 0.7433210
3.14167 0.7454458
3.14375 0.7463968
3.14583 0.7461773
3.14792 0.7448210
3.15 0.7424211
3.15208 0.7390790
3.15417 0.7349974
3.15625 0.7303468
3.15833 0.7253509
3.16042 0.7202436
3.1625 0.7152473
3.16458 0.7106012
3.16667 0.7064977
3.16875 0.7031518
3.17083 0.7007148
3.17292 0.6993158
3.175 0.6990277
3.17708 0.6999108
3.17917 0.7019739
3.18125 0.7051482
3.18333 0.7093888
3.18542 0.7145765
3.1875 0.7205683
3.18958 0.7272027
3.19167 0.7343097
3.19375 0.7416829
3.19583 0.7491275
3.19792 0.7564481
3.2 0.7634301
3.20208 0.7698680
3.20417 0.7755947
3.20625 0.7804512
3.20833 0.7842931
3.21042 0.7870175
3.2125 0.7885627
3.21458 0.7889044
3.21667 0.7880556
3.21875 0.7860934
3.22083 0.7831261
3.22292 0.7792985
3.225 0.7747968
3.22708 0.7698307
3.22917 0.7646297
3.23125 0.7594372
3.23333 0.7544847
3.23542 0.7499956
3.2375 0.7462038
3.23958 0.7432726
3.24167 0.7413398
3.24375 0.7405108
3.24583 0.7408629
3.24792 0.7424212
3.25 0.7451445
3.25208 0.7489899
3.25417 0.7538233
3.25625 0.7595335
3.25833 0.7659677
3.26042 0.7729437
3.2625 0.7802785
3.26458 0.7877742
3.26667 0.7952143
3.26875 0.8023966
3.27083 0.8091348
3.27292 0.8152287
3.275 0.8205181
3.27708 0.8248429
3.27917 0.8281010
3.28125 0.8301901
3.28333 0.8310646
3.28542 0.8307286
3.2875 0.8292159
3.28958 0.8266355
3.29167 0.8231013
3.29375 0.8187955
3.29583 0.8139103
3.29792 0.8086850
3.3 0.8033471
3.30208 0.7981524
3.30417 0.7933275
3.30625 0.7891012
3.30833 0.7856562
3.31042 0.7831661
3.3125 0.7817419
3.31458 0.7814801
3.31667 0.7824195
3.31875 0.7845583
3.32083 0.7878301
3.32292 0.7922040
3.325 0.7975435
3.32708 0.8037038
3.32917 0.8105274
3.33125 0.8178328
3.33333 0.8254122
3.33542 0.8330613
3.3375 0.8405707
3.33958 0.8477272
3.34167 0.8543435
3.34375 0.8602045
3.34583 0.8651801
3.34792 0.8691167
3.35 0.8718912
3.35208 0.8734526
3.35417 0.8737723
3.35625 0.8728717
3.35833 0.8708164
3.36042 0.8677194
3.3625 0.8637444
3.36458 0.8590863
3.36667 0.8539524
3.36875 0.8485925
3.37083 0.8432626
3.37292 0.8382006
3.375 0.8336337
3.37708 0.8297807
3.37917 0.8268239
3.38125 0.8249074
3.38333 0.8241298
3.38542 0.8245727
3.3875 0.8262503
3.38958 0.8291218
3.39167 0.8331438
3.39375 0.8382241
3.39583 0.8442303
3.39792 0.8509947
3.4 0.8583480
3.40208 0.8660887
3.40417 0.8740100
3.40625 0.8818916
3.40833 0.8895293
3.41042 0.8967097
3.4125 0.9032288
3.41458 0.9089055
3.41667 0.9135938
3.41875 0.9171637
3.42083 0.9195148
3.42292 0.9206071
3.425 0.9204298
3.42708 0.9190350
3.42917 0.9165038
3.43125 0.9129929
3.43333 0.9086748
3.43542 0.9037605
3.4375 0.8984921
3.43958 0.8931071
3.44167 0.8878818
3.44375 0.8830441
3.44583 0.8788278
3.44792 0.8754319
3.45 0.8730268
3.45208 0.8717356
3.45417 0.8716483
3.45625 0.8728117
3.45833 0.8752134
3.46042 0.8788213
3.4625 0.8835393
3.46458 0.8892590
3.46667 0.8958268
3.46875 0.9030617
3.47083 0.9107709
3.47292 0.9187653
3.475 0.9268169
3.47708 0.9347160
3.47917 0.9422466
3.48125 0.9491979
3.48333 0.9553760
3.48542 0.9606150
3.4875 0.9647768
3.48958 0.9677455
3.49167 0.9694453
3.49375 0.9698624
3.49583 0.9689972
3.49792 0.9669452
3.5 0.9638113
3.50208 0.9597608
3.50417 0.9549821
3.50625 0.9497222
3.50833 0.9442253
3.51042 0.9387501
3.5125 0.9335475
3.51458 0.9288726
3.51667 0.9249454
3.51875 0.9219441
3.52083 0.9200361
3.52292 0.9193156
3.525 0.9198428
3.52708 0.9216366
3.52917 0.9246787
3.53125 0.9288937
3.53333 0.9341797
3.53542 0.9403948
3.5375 0.9473767
3.53958 0.9549490
3.54167 0.9629027
3.54375 0.9710313
3.54583 0.9791050
3.54792 0.9869192
3.55 0.9942638
3.55208 1.0009338
3.55417 1.0067373
3.55625 1.0115081
3.55833 1.0151225
3.56042 1.0174891
3.5625 1.0185441
3.56458 1.0182924
3.56667 1.0167724
3.56875 1.0141027
3.57083 1.0104056
3.57292 1.0058769
3.575 1.0007534
3.57708 0.9952723
3.57917 0.9896808
3.58125 0.9842615
3.58333 0.9792641
3.58542 0.9749227
3.5875 0.9714312
3.58958 0.9689774
3.59167 0.9676864
3.59375 0.9676358
3.59583 0.9688732
3.59792 0.9713970
3.6 0.9751564
3.60208 0.9800637
3.60417 0.9860008
3.60625 0.9928053
3.60833 1.0003124
3.61042 1.0083025
3.6125 1.0165760
3.61458 1.0249196
3.61667 1.0331100
3.61875 1.0409195
3.62083 1.0481392
3.62292 1.0545716
3.625 1.0600301
3.62708 1.0643623
3.62917 1.0674732
3.63125 1.0692836
3.63333 1.0697622
3.63542 1.0689327
3.6375 1.0668756
3.63958 1.0637018
3.64167 1.0595773
3.64375 1.0547461
3.64583 1.0494214
3.64792 1.0438630
3.65 1.0383343
3.65208 1.0331172
3.65417 1.0284628
3.65625 1.0245821
3.65833 1.0216884
3.66042 1.0199250
3.6625 1.0194110
3.66458 1.0202056
3.66667 1.0223120
3.66875 1.0257146
3.67083 1.0303200
3.67292 1.0360335
3.675 1.0427108
3.67708 1.0501732
3.67917 1.0582242
3.68125 1.0666663
3.68333 1.0752718
3.68542 1.0838116
3.6875 1.0920561
3.68958 1.0998016
3.69167 1.1068307
3.69375 1.1129473
3.69583 1.1179893
3.69792 1.1218181
3.7 1.1243492
3.70208 1.1255346
3.70417 1.1253600
3.70625 1.1238860
3.70833 1.1212227
3.71042 1.1175049
3.7125 1.1129241
3.71458 1.1077294
3.71667 1.1021667
3.71875 1.0965197
3.72083 1.0910537
3.72292 1.0860213
3.725 1.0816726
3.72708 1.0782166
3.72917 1.0758383
3.73125 1.0746692
3.73333 1.0747969
3.73542 1.0762545
3.7375 1.0790353
3.73958 1.0830949
3.74167 1.0883277
3.74375 1.0946156
3.74583 1.1017835
3.74792 1.1096535
3.75 1.1180197
3.75208 1.1266722
3.75417 1.1353886
3.75625 1.1439314
3.75833 1.1520855
3.76042 1.1596211
3.7625 1.1663303
3.76458 1.1720319
3.76667 1.1765537
3.76875 1.1797810
3.77083 1.1816506
3.77292 1.1821185
3.775 1.1812117
3.77708 1.1790105
3.77917 1.1756641
3.78125 1.1713270
3.78333 1.1662408
3.78542 1.1606491
3.7875 1.1548135
3.78958 1.1490361
3.79167 1.1435836
3.79375 1.1387155
3.79583 1.1346742
3.79792 1.1316531
3.8 1.1298199
3.80208 1.1292765
3.80417 1.1300838
3.80625 1.1322541
3.80833 1.1357521
3.81042 1.1405130
3.8125 1.1464118
3.81458 1.1532975
3.81667 1.1609870
3.81875 1.1692871
3.82083 1.1779859
3.82292 1.1868496
3.825 1.1956524
3.82708 1.2041581
3.82917 1.2121386
3.83125 1.2193817
3.83333 1.2256819
3.83542 1.2308550
3.8375 1.2347815
3.83958 1.2373588
3.84167 1.2385394
3.84375 1.2383200
3.84583 1.2367473
3.84792 1.2339561
3.85 1.2300766
3.85208 1.2253236
3.85417 1.2199390
3.85625 1.2141839
3.85833 1.2083460
3.86042 1.2027136
3.8625 1.1975572
3.86458 1.1931182
3.86667 1.1896207
3.86875 1.1872534
3.87083 1.1861442
3.87292 1.1863812
3.875 1.1879944
3.87708 1.1909797
3.87917 1.1952710
3.88125 1.2007712
3.88333 1.2073414
3.88542 1.2148291
3.8875 1.2230350
3.88958 1.2317490
3.89167 1.2407558
3.89375 1.2498124
3.89583 1.2587114
3.89792 1.2672029
3.9 1.2750744
3.90208 1.2820997
3.90417 1.2880996
3.90625 1.2928995
3.90833 1.2963815
3.91042 1.2984724
3.9125 1.2991394
3.91458 1.2984078
3.91667 1.2963493
3.91875 1.2931237
3.92083 1.2888721
3.92292 1.2838511
3.925 1.2783109
3.92708 1.2725390
3.92917 1.2668251
3.93125 1.2614490
3.93333 1.2566789
3.93542 1.2527619
3.9375 1.2499119
3.93958 1.2482786
3.94167 1.2479729
3.94375 1.2490544
3.94583 1.2515330
3.94792 1.2553780
3.95 1.2605061
3.95208 1.2667902
3.95417 1.2740846
3.95625 1.2822032
3.95833 1.2909461
3.96042 1.3000843
3.9625 1.3093898
3.96458 1.3186280
3.96667 1.3275692
3.96875 1.3359749
3.97083 1.3436199
3.97292 1.3502936
3.975 1.3558200
3.97708 1.3600519
3.97917 1.3628868
3.98125 1.3642784
3.98333 1.3642016
3.98542 1.3627319
3.9875 1.3599813
3.98958 1.3561108
3.99167 1.3513188
3.99375 1.3458616
3.99583 1.3400226
3.99792 1.3340981
4 1.3283846
4.00208 1.3231597
4.00417 1.3186965
4.00625 1.3152179
4.00833 1.3129175
4.01042 1.3119295
4.0125 1.3123243
4.01458 1.3141415
4.01667 1.3173650
4.01875 1.3219428
4.02083 1.3277568
4.02292 1.3346700
4.025 1.3424907
4.02708 1.3510525
4.02917 1.3601131
4.03125 1.3694665
4.03333 1.3788688
4.03542 1.3880776
4.0375 1.3968436
4.03958 1.4049512
4.04167 1.4121521
4.04375 1.4182839
4.04583 1.4231565
4.04792 1.4266570
4.05 1.4287020
4.05208 1.4292656
4.05417 1.4283813
4.05625 1.4261316
4.05833 1.4226583
4.06042 1.4181537
4.0625 1.4128488
4.06458 1.4070282
4.06667 1.4009889
4.06875 1.3950218
4.07083 1.3894240
4.07292 1.3844791
4.075 1.3804311
4.07708 1.3774972
4.07917 1.3758291
4.08125 1.3755340
4.08333 1.3766869
4.08542 1.3792835
4.0875 1.3832853
4.08958 1.3886019
4.09167 1.3951141
4.09375 1.4026385
4.09583 1.4110159
4.09792 1.4200306
4.1 1.4294418
4.10208 1.4390172
4.10417 1.4485187
4.10625 1.4577068
4.10833 1.4663344
4.11042 1.4741464
4.1125 1.4809716
4.11458 1.4866148
4.11667 1.4909157
4.11875 1.4937800
4.12083 1.4951572
4.12292 1.4950470
4.125 1.4934941
4.12708 1.4906327
4.12917 1.4866040
4.13125 1.4816603
4.13333 1.4760461
4.13542 1.4700629
4.1375 1.4640117
4.13958 1.4582055
4.14167 1.4529236
4.14375 1.4484378
4.14583 1.4449859
4.14792 1.4427549
4.15 1.4418918
4.15208 1.4424725
4.15417 1.4445388
4.15625 1.4480662
4.15833 1.4529712
4.16042 1.4591677
4.1625 1.4664774
4.16458 1.4747366
4.16667 1.4837409
4.16875 1.4932720
4.17083 1.5030765
4.17292 1.5129144
4.175 1.5225481
4.17708 1.5317283
4.17917 1.5402190
4.18125 1.5478090
4.18333 1.5542896
4.18542 1.5594933
4.1875 1.5632732
4.18958 1.5655692
4.19167 1.5663429
4.19375 1.5656094
4.19583 1.5634710
4.19792 1.5600633
4.2 1.5555930
4.20208 1.5502957
4.20417 1.5444766
4.20625 1.5384186
4.20833 1.5324564
4.21042 1.5268790
4.2125 1.5219839
4.21458 1.5180105
4.21667 1.5151961
4.21875 1.5136934
4.22083 1.5136166
4.22292 1.5150094
4.225 1.5178954
4.22708 1.5222031
4.22917 1.5278662
4.23125 1.5347338
4.23333 1.5426452
4.23542 1.5514084
4.2375 1.5608075
4.23958 1.5706106
4.24167 1.5805692
4.24375 1.5904425
4.24583 1.5999818
4.24792 1.6089313
4.25 1.6170625
4.25208 1.6241624
4.25417 1.6300473
4.25625 1.6345588
4.25833 1.6375786
4.26042 1.6390620
4.2625 1.6390088
4.26458 1.6374664
4.26667 1.6345605
4.26875 1.6304589
4.27083 1.6253980
4.27292 1.6196523
4.275 1.6135284
4.27708 1.6073381
4.27917 1.6013986
4.28125 1.5960048
4.28333 1.5914484
4.28542 1.5879591
4.2875 1.5857244
4.28958 1.5848847
4.29167 1.5855231
4.29375 1.5876839
4.29583 1.5913153
4.29792 1.5963579
4.3 1.6026970
4.30208 1.6101733
4.30417 1.6186096
4.30625 1.6277957
4.30833 1.6375144
4.31042 1.6475130
4.3125 1.6575373
4.31458 1.6673492
4.31667 1.6766940
4.31875 1.6853371
4.32083 1.6930438
4.32292 1.6996167
4.325 1.7048758
4.32708 1.7086731
4.32917 1.7109344
4.33125 1.7116261
4.33333 1.7107775
4.33542 1.7084737
4.3375 1.7048785
4.33958 1.7001970
4.34167 1.6946847
4.34375 1.6886267
4.34583 1.6823527
4.34792 1.6761831
4.35 1.6704277
4.35208 1.6653856
4.35417 1.6613224
4.35625 1.6584544
4.35833 1.6569389
4.36042 1.6568830
4.3625 1.6583490
4.36458 1.6613459
4.36667 1.6658077
4.36875 1.6716401
4.37083 1.6787202
4.37292 1.6868533
4.375 1.6958640
4.37708 1.7055124
4.37917 1.7155878
4.38125 1.7258255
4.38333 1.7359753
4.38542 1.7457901
4.3875 1.7550155
4.38958 1.7634157
4.39167 1.7707775
4.39375 1.7768989
4.39583 1.7816166
4.39792 1.7848195
4.4 1.7864482
4.40208 1.7864990
4.40417 1.7850226
4.40625 1.7821435
4.40833 1.7780556
4.41042 1.7729891
4.4125 1.7672260
4.41458 1.7610865
4.41667 1.7548856
4.41875 1.7489611
4.42083 1.7436113
4.42292 1.7391369
4.425 1.7357689
4.42708 1.7337114
4.42917 1.7330999
4.43125 1.7340180
4.43333 1.7364754
4.43542 1.7404691
4.4375 1.7458881
4.43958 1.7526376
4.44167 1.7605367
4.44375 1.7693999
4.44583 1.7790307
4.44792 1.7891906
4.45 1.7996301
4.45208 1.8101033
4.45417 1.8203566
4.45625 1.8301271
4.45833 1.8391670
4.46042 1.8472585
4.4625 1.8541893
4.46458 1.8597667
4.46667 1.8638641
4.46875 1.8663886
4.47083 1.8673013
4.47292 1.8666291
4.475 1.8644579
4.47708 1.8609443
4.47917 1.8563102
4.48125 1.8508251
4.48333 1.8447765
4.48542 1.8385109
4.4875 1.8323543
4.48958 1.8266252
4.49167 1.8216365
4.49375 1.8176553
4.49583 1.8148966
4.49792 1.8135298
4.5 1.8136685
4.50208 1.8153648
4.50417 1.8186155
4.50625 1.8233684
4.50833 1.8295290
4.51042 1.8369391
4.5125 1.8454255
4.51458 1.8547748
4.51667 1.8647733
4.51875 1.8751926
4.52083 1.8857761
4.52292 1.8962438
4.525 1.9063598
4.52708 1.9158792
4.52917 1.9245479
4.53125 1.9321395
4.53333 1.9384494
4.53542 1.9433245
4.5375 1.9466249
4.53958 1.9482978
4.54167 1.9483337
4.54375 1.9467872
4.54583 1.9437974
4.54792 1.9395457
4.55 1.9342849
4.55208 1.9283162
4.55417 1.9219489
4.55625 1.9155244
4.55833 1.9093889
4.56042 1.9038618
4.5625 1.8992480
4.56458 1.8957745
4.56667 1.8936484
4.56875 1.8929970
4.57083 1.8939138
4.57292 1.8964174
4.575 1.9004783
4.57708 1.9060095
4.57917 1.9128876
4.58125 1.9209444
4.58333 1.9299989
4.58542 1.9398258
4.5875 1.9501824
4.58958 1.9608278
4.59167 1.9715244
4.59375 1.9819960
4.59583 1.9919716
4.59792 2.0012180
4.6 2.0094876
4.60208 2.0165540
4.60417 2.0222381
4.60625 2.0264055
4.60833 2.0289447
4.61042 2.0298349
4.6125 2.0290882
4.61458 2.0268217
4.61667 2.0231682
4.61875 2.0183683
4.62083 2.0127086
4.62292 2.0065069
4.625 2.0000820
4.62708 1.9937932
4.62917 1.9879680
4.63125 1.9829096
4.63333 1.9789012
4.63542 1.9761623
4.6375 1.9748683
4.63958 1.9751312
4.64167 1.9770031
4.64375 1.9804817
4.64583 1.9855004
4.64792 1.9919484
4.65 1.9996825
4.65208 2.0085146
4.65417 2.0182404
4.65625 2.0286247
4.65833 2.0394280
4.66042 2.0503929
4.6625 2.0612539
4.66458 2.0717469
4.66667 2.0816230
4.66875 2.0906263
4.67083 2.0985169
4.67292 2.1051016
4.675 2.1102004
4.67708 2.1136941
4.67917 2.1155230
4.68125 2.1156767
4.68333 2.1142276
4.68542 2.1113096
4.6875 2.1071191
4.68958 2.1019125
4.69167 2.0959989
4.69375 2.0896929
4.69583 2.0833573
4.69792 2.0773351
4.7 2.0719603
4.70208 2.0675295
4.70417 2.0642841
4.70625 2.0624246
4.70833 2.0620995
4.71042 2.0633804
4.7125 2.0662759
4.71458 2.0707626
4.71667 2.0767445
4.71875 2.0840844
4.72083 2.0926122
4.72292 2.1021271
4.725 2.1124054
4.72708 2.1232038
4.72917 2.1342779
4.73125 2.1453588
4.73333 2.1561854
4.73542 2.1665008
4.7375 2.1760562
4.73958 2.1846135
4.74167 2.1919422
4.74375 2.1978347
4.74583 2.2021562
4.74792 2.2048074
4.75 2.2057540
4.75208 2.2050196
4.75417 2.2027096
4.75625 2.1990032
4.75833 2.1941205
4.76042 2.1883516
4.7625 2.1820226
4.76458 2.1754852
4.76667 2.1691033
4.76875 2.1632155
4.77083 2.1581519
4.77292 2.1541717
4.775 2.1515216
4.77708 2.1503798
4.77917 2.1508450
4.78125 2.1529526
4.78333 2.1566885
4.78542 2.1619939
4.7875 2.1687465
4.78958 2.1767896
4.79167 2.1859288
4.79375 2.1959646
4.79583 2.2066419
4.79792 2.2177290
4.8 2.2289580
4.80208 2.2400747
4.80417 2.2508050
4.80625 2.2608915
4.80833 2.2700699
4.81042 2.2781152
4.8125 2.2847967
4.81458 2.2899500
4.81667 2.2934504
4.81875 2.2952347
4.82083 2.2952891
4.82292 2.2936900
4.825 2.2905867
4.82708 2.2861481
4.82917 2.2806679
4.83125 2.2744529
4.83333 2.2678493
4.83542 2.2612315
4.8375 2.2549446
4.83958 2.2493237
4.84167 2.2446923
4.84375 2.2413008
4.84583 2.2393592
4.84792 2.2390012
4.85 2.2402993
4.85208 2.2432681
4.85417 2.2478700
4.85625 2.2540169
4.85833 2.2615450
4.86042 2.2702835
4.8625 2.2800394
4.86458 2.2905830
4.86667 2.3016572
4.86875 2.3130160
4.87083 2.3243959
4.87292 2.3355340
4.875 2.3461583
4.87708 2.3560058
4.87917 2.3648248
4.88125 2.3723770
4.88333 2.3784745
4.88542 2.3829603
4.8875 2.3857323
4.88958 2.3867566
4.89167 2.3860610
4.89375 2.3837707
4.89583 2.3800414
4.89792 2.3751095
4.9 2.3692773
4.90208 2.3628802
4.90417 2.3562904
4.90625 2.3498687
4.90833 2.3439601
4.91042 2.3389025
4.9125 2.3349783
4.91458 2.3324299
4.91667 2.3314391
4.91875 2.3321007
4.92083 2.3344551
4.92292 2.3384824
4.925 2.3441125
4.92708 2.3512276
4.92917 2.3596588
4.93125 2.3692227
4.93333 2.3796993
4.93542 2.3908343
4.9375 2.4023747
4.93958 2.4140732
4.94167 2.4256615
4.94375 2.4368677
4.94583 2.4474182
4.94792 2.4570487
4.95 2.4655206
4.95208 2.4726156
4.95417 2.4781425
4.95625 2.4819909
4.95833 2.4840803
4.96042 2.4843957
4.9625 2.4830152
4.96458 2.4800628
4.96667 2.4757539
4.96875 2.4703548
4.97083 2.4642032
4.97292 2.4576461
4.975 2.4510586
4.97708 2.4448125
4.97917 2.4392716
4.98125 2.4347485
4.98333 2.4315118
4.98542 2.4297753
4.9875 2.4296598
4.98958 2.4312529
4.99167 2.4345518
4.99375 2.4395222
4.99583 2.4460385
4.99792 2.4539732
5 2.4631301
5.00208 2.4732991
5.00417 2.4842468
5.00625 2.4957242
5.00833 2.5074809
5.01042 2.5192475
5.0125 2.5307567
5.01458 2.5417216
5.01667 2.5518922
5.01875 2.5609934
5.02083 2.5688065
5.02292 2.5751162
5.025 2.5797726
5.02708 2.5826704
5.02917 2.5837708
5.03125 2.5831104
5.03333 2.5807986
5.03542 2.5770002
5.0375 2.5719699
5.03958 2.5660148
5.04167 2.5594780
5.04375 2.5527598
5.04583 2.5462122
5.04792 2.5402105
5.05 2.5350865
5.05208 2.5311352
5.05417 2.5285941
5.05625 2.5276287
5.05833 2.5283457
5.06042 2.5307987
5.0625 2.5349496
5.06458 2.5407160
5.06667 2.5479847
5.06875 2.5565857
5.07083 2.5662919
5.07292 2.5769183
5.075 2.5882110
5.07708 2.5999165
5.07917 2.6117687
5.08125 2.6235034
5.08333 2.6348316
5.08542 2.6454837
5.0875 2.6551807
5.08958 2.6636994
5.09167 2.6708046
5.09375 2.6763106
5.09583 2.6800898
5.09792 2.6820588
5.1 2.6822220
5.10208 2.6806424
5.10417 2.6774765
5.10625 2.6729245
5.10833 2.6672973
5.11042 2.6609176
5.1125 2.6541484
5.11458 2.6473891
5.11667 2.6410220
5.11875 2.6354046
5.12083 2.6308379
5.12292 2.6276122
5.125 2.6259172
5.12708 2.6258909
5.12917 2.6276177
5.13125 2.6310808
5.13333 2.6362302
5.13542 2.6429622
5.1375 2.6511266
5.13958 2.6605412
5.14167 2.6709748
5.14375 2.6822055
5.14583 2.6939837
5.14792 2.7060351
5.15 2.7180849
5.15208 2.7298770
5.15417 2.7411350
5.15625 2.7515808
5.15833 2.7609580
5.16042 2.7690280
5.1625 2.7755618
5.16458 2.7804024
5.16667 2.7834489
5.16875 2.7846520
5.17083 2.7840389
5.17292 2.7817331
5.175 2.7779075
5.17708 2.7728234
5.17917 2.7668043
5.18125 2.7602128
5.18333 2.7534294
5.18542 2.7468521
5.1875 2.7408547
5.18958 2.7357786
5.19167 2.7319346
5.19375 2.7295594
5.19583 2.7288239
5.19792 2.7298299
5.2 2.7326136
5.20208 2.7371534
5.20417 2.7433286
5.20625 2.7510346
5.20833 2.7600982
5.21042 2.7703042
5.2125 2.7814371
5.21458 2.7932352
5.21667 2.8054468
5.21875 2.8177872
5.22083 2.8299985
5.22292 2.8417941
5.225 2.8528793
5.22708 2.8629968
5.22917 2.8718900
5.23125 2.8793325
5.23333 2.8851292
5.23542 2.8891538
5.2375 2.8913209
5.23958 2.8916359
5.24167 2.8901574
5.24375 2.8870431
5.24583 2.8825054
5.24792 2.8768592
5.25 2.8704335
5.25208 2.8636020
5.25417 2.8567808
5.25625 2.8503524
5.25833 2.8446787
5.26042 2.8401102
5.2625 2.8369094
5.26458 2.8352789
5.26667 2.8353572
5.26875 2.8372279
5.27083 2.8408934
5.27292 2.8462575
5.275 2.8532408
5.27708 2.8616766
5.27917 2.8713889
5.28125 2.8821370
5.28333 2.8936862
5.28542 2.9057835
5.2875 2.9181424
5.28958 2.9305041
5.29167 2.9425880
5.29375 2.9541129
5.29583 2.9648090
5.29792 2.9744002
5.3 2.9826442
5.30208 2.9893340
5.30417 2.9942789
5.30625 2.9973726
5.30833 2.9985681
5.31042 2.9978998
5.3125 2.9954737
5.31458 2.9914916
5.31667 2.9862133
5.31875 2.9799733
5.32083 2.9731386
5.32292 2.9661097
5.325 2.9593017
5.32708 2.9530864
5.32917 2.9478265
5.33125 2.9438338
5.33333 2.9413415
5.33542 2.9405181
5.3375 2.9414834
5.33958 2.9442654
5.34167 2.9488235
5.34375 2.9550506
5.34583 2.9628302
5.34792 2.9719924
5.35 2.9823057
5.35208 2.9935594
5.35417 3.0054924
5.35625 3.0178507
5.35833 3.0303514
5.36042 3.0427292
5.3625 3.0546967
5.36458 3.0659610
5.36667 3.0762622
5.36875 3.0853381
5.37083 3.0929494
5.37292 3.0988926
5.375 3.1030114
5.37708 3.1052349
5.37917 3.1055575
5.38125 3.1040353
5.38333 3.1008302
5.38542 3.0961797
5.3875 3.0903818
5.38958 3.0837978
5.39167 3.0768214
5.39375 3.0698541
5.39583 3.0633117
5.39792 3.0575787
5.4 3.0529898
5.40208 3.0498166
5.40417 3.0482688
5.40625 3.0484731
5.40833 3.0505090
5.41042 3.0543829
5.4125 3.0600100
5.41458 3.0672671
5.41667 3.0760119
5.41875 3.0860391
5.42083 3.0971211
5.42292 3.1090109
5.425 3.1214616
5.42708 3.1341926
5.42917 3.1469286
5.43125 3.1593935
5.43333 3.1712875
5.43542 3.1823417
5.4375 3.1922844
5.43958 3.2008569
5.44167 3.2078475
5.44375 3.2130706
5.44583 3.2164108
5.44792 3.2178192
5.45 3.2173250
5.45208 3.2150485
5.45417 3.2111843
5.45625 3.2060008
5.45833 3.1998366
5.46042 3.1930863
5.4625 3.1861496
5.46458 3.1794458
5.46667 3.1733722
5.46875 3.1682858
5.47083 3.1645076
5.47292 3.1622737
5.475 3.1617532
5.47708 3.1630494
5.47917 3.1661988
5.48125 3.1711483
5.48333 3.1778128
5.48542 3.1860313
5.4875 3.1956414
5.48958 3.2064094
5.49167 3.2180979
5.49375 3.2304646
5.49583 3.2432538
5.49792 3.2561810
5.5 3.2689530
5.50208 3.2812917
5.50417 3.2929273
5.50625 3.3035582
5.50833 3.3129318
5.51042 3.3208057
5.5125 3.3269726
5.51458 3.3312805
5.51667 3.3336439
5.51875 3.3340346
5.52083 3.3325447
5.52292 3.3293276
5.525 3.3246129
5.52708 3.3187294
5.52917 3.3120536
5.53125 3.3049680
5.53333 3.2979239
5.53542 3.2913273
5.5375 3.2855732
5.53958 3.2809985
5.54167 3.2778752
5.54375 3.2764263
5.54583 3.2767716
5.54792 3.2789796
5.55 3.2830340
5.55208 3.2888696
5.55417 3.2963536
5.55625 3.3053270
5.55833 3.3155658
5.56042 3.3268589
5.5625 3.3389545
5.56458 3.3515975
5.56667 3.3645264
5.56875 3.3774414
5.57083 3.3900723
5.57292 3.4021098
5.575 3.4132936
5.57708 3.4233432
5.57917 3.4319940
5.58125 3.4390147
5.58333 3.4442271
5.58542 3.4475054
5.5875 3.4488102
5.58958 3.4481589
5.59167 3.4456933
5.59375 3.4415694
5.59583 3.4360980
5.59792 3.4296397
5.6 3.4225923
5.60208 3.4153528
5.60417 3.4083790
5.60625 3.4020710
5.60833 3.3967911
5.61042 3.3928516
5.6125 3.3905133
5.61458 3.3899311
5.61667 3.3912198
5.61875 3.3944044
5.62083 3.3994482
5.62292 3.4062464
5.625 3.4146370
5.62708 3.4244349
5.62917 3.4354141
5.63125 3.4473326
5.63333 3.4599416
5.63542 3.4729743
5.6375 3.4861513
5.63958 3.4991959
5.64167 3.5117984
5.64375 3.5236811
5.64583 3.5345664
5.64792 3.5441466
5.65 3.5521833
5.65208 3.5584666
5.65417 3.5628455
5.65625 3.5652363
5.65833 3.5656217
5.66042 3.5640835
5.6625 3.5607651
5.66458 3.5559270
5.66667 3.5499121
5.66875 3.5430794
5.67083 3.5358645
5.67292 3.5286903
5.675 3.5220073
5.67708 3.5162046
5.67917 3.5116235
5.68125 3.5085635
5.68333 3.5072330
5.68542 3.5077732
5.6875 3.5102334
5.68958 3.5146037
5.69167 3.5208209
5.69375 3.5287100
5.69583 3.5381132
5.69792 3.5488265
5.7 3.5606120
5.70208 3.5732091
5.70417 3.5863577
5.70625 3.5997799
5.70833 3.6131959
5.71042 3.6263031
5.7125 3.6388124
5.71458 3.6504367
5.71667 3.6608841
5.71875 3.6698927
5.72083 3.6772321
5.72292 3.6827157
5.725 3.6862094
5.72708 3.6876632
5.72917 3.6871101
5.73125 3.6846846
5.73333 3.6805853
5.73542 3.6751085
5.7375 3.6686083
5.73958 3.6614968
5.74167 3.6542156
5.74375 3.6471973
5.74583 3.6408872
5.74792 3.6356465
5.75 3.6317938
5.75208 3.6295932
5.75417 3.6292238
5.75625 3.6307686
5.75833 3.6342385
5.76042 3.6395877
5.7625 3.6467170
5.76458 3.6554585
5.76667 3.6656084
5.76875 3.6769363
5.77083 3.6892076
5.77292 3.7021597
5.775 3.7155311
5.77708 3.7290316
5.77917 3.7423864
5.78125 3.7552996
5.78333 3.7674781
5.78542 3.7786269
5.7875 3.7884566
5.78958 3.7966929
5.79167 3.8031301
5.79375 3.8076130
5.79583 3.8100346
5.79792 3.8103980
5.8 3.8087781
5.80208 3.8053580
5.80417 3.8003709
5.80625 3.7941668
5.80833 3.7871271
5.81042 3.7796999
5.8125 3.7723154
5.81458 3.7654325
5.81667 3.7594462
5.81875 3.7547171
5.82083 3.7515329
5.82292 3.7501351
5.825 3.7506337
5.82708 3.7530797
5.82917 3.7574764
5.83125 3.7637229
5.83333 3.7716935
5.83542 3.7811886
5.8375 3.7919994
5.83958 3.8038977
5.84167 3.8166246
5.84375 3.8299032
5.84583 3.8434695
5.84792 3.8570334
5.85 3.8703012
5.85208 3.8829767
5.85417 3.8947455
5.85625 3.9053274
5.85833 3.9144365
5.86042 3.9218467
5.8625 3.9273510
5.86458 3.9308270
5.86667 3.9322100
5.86875 3.9315386
5.87083 3.9289512
5.87292 3.9246500
5.875 3.9189330
5.87708 3.9121769
5.87917 3.9048128
5.88125 3.8972851
5.88333 3.8900542
5.88542 3.8835453
5.8875 3.8781454
5.88958 3.8741946
5.89167 3.8719578
5.89375 3.8715917
5.89583 3.8731961
5.89792 3.8767833
5.9 3.8823061
5.90208 3.8896326
5.90417 3.8986093
5.90625 3.9090182
5.90833 3.9206356
5.91042 3.9332087
5.9125 3.9464649
5.91458 3.9601439
5.91667 3.9739628
5.91875 3.9876419
5.92083 4.0008782
5.92292 4.0133720
5.925 4.0248109
5.92708 4.0349163
5.92917 4.0434099
5.93125 4.0500842
5.93333 4.0547725
5.93542 4.0573852
5.9375 4.0578914
5.93958 4.0563747
5.94167 4.0530242
5.94375 4.0480774
5.94583 4.0418979
5.94792 4.0348786
5.95 4.0274687
5.95208 4.0201209
5.95417 4.0132829
5.95625 4.0073894
5.95833 4.0028144
5.96042 3.9998476
5.9625 3.9987090
5.96458 3.9995193
5.96667 4.0023282
5.96875 4.0071156
5.97083 4.0137822
5.97292 4.0221911
5.975 4.0321444
5.97708 4.0434229
5.97917 4.0557772
5.98125 4.0689614
5.98333 4.0827000
5.98542 4.0967212
5.9875 4.1107415
5.98958 4.1244569
5.99167 4.1375604
5.99375 4.1497622
5.99583 4.1607268
5.99792 4.1702048
6 4.1779287
6.00208 4.1837008
6.00417 4.1873889
6.00625 4.1889357
6.00833 4.1883761
6.01042 4.1858361
6.0125 4.1815313
6.01458 4.1757686
6.01667 4.1689408
6.01875 4.1614941
6.02083 4.1538886
6.02292 4.1465780
6.025 4.1400274
6.02708 4.1346287
6.02917 4.1307276
6.03125 4.1285785
6.03333 4.1283580
6.03542 4.1301538
6.0375 4.1339701
6.03958 4.1397482
6.04167 4.1473471
6.04375 4.1566152
6.04583 4.1673360
6.04792 4.1792467
6.05 4.1921330
6.05208 4.2057150
6.05417 4.2197239
6.05625 4.2338673
6.05833 4.2478531
6.06042 4.2613748
6.0625 4.2741169
6.06458 4.2857700
6.06667 4.2960474
6.06875 4.3046641
6.07083 4.3113985
6.07292 4.3160887
6.075 4.3186225
6.07708 4.3189841
6.07917 4.3172544
6.08125 4.3136315
6.08333 4.3083889
6.08542 4.3018686
6.0875 4.2945141
6.08958 4.2867672
6.09167 4.2791014
6.09375 4.2719995
6.09583 4.2658748
6.09792 4.2611134
6.1 4.2580023
6.10208 4.2567750
6.10417 4.2575553
6.10625 4.2603906
6.10833 4.2652438
6.11042 4.2720079
6.1125 4.2805471
6.11458 4.2906534
6.11667 4.3020938
6.11875 4.3146352
6.12083 4.3280295
6.12292 4.3420004
6.125 4.3562579
6.12708 4.3705064
6.12917 4.3844514
6.13125 4.3977720
6.13333 4.4101640
6.13542 4.4213386
6.1375 4.4309896
6.13958 4.4388494
6.14167 4.4447291
6.14375 4.4484731
6.14583 4.4500195
6.14792 4.4494201
6.15 4.4467917
6.15208 4.4423534
6.15417 4.4364530
6.15625 4.4294710
6.15833 4.4218604
6.16042 4.4141099
6.1625 4.4066906
6.16458 4.4000684
6.16667 4.3946275
6.16875 4.3907308
6.17083 4.3886325
6.17292 4.3885186
6.175 4.3904714
6.17708 4.3945086
6.17917 4.4005549
6.18125 4.4084485
6.18333 4.4180518
6.18542 4.4291320
6.1875 4.4414449
6.18958 4.4547497
6.19167 4.4687692
6.19375 4.4832113
6.19583 4.4977981
6.19792 4.5122335
6.2 4.5262087
6.20208 4.5393986
6.20417 4.5515103
6.20625 4.5622256
6.20833 4.5712686
6.21042 4.5783929
6.2125 4.5834308
6.21458 4.5862736
6.21667 4.5869086
6.21875 4.5854072
6.22083 4.5819604
6.22292 4.5768405
6.225 4.5704157
6.22708 4.5631294
6.22917 4.5554453
6.23125 4.5478658
6.23333 4.5408636
6.23542 4.5348594
6.2375 4.5302550
6.23958 4.5273584
6.24167 4.5263693
6.24375 4.5274197
6.24583 4.5305617
6.24792 4.5357548
6.25 4.5428609
6.25208 4.5517562
6.25417 4.5622348
6.25625 4.5740781
6.25833 4.5870163
6.26042 4.6008031
6.2625 4.6151556
6.26458 4.6297912
6.26667 4.6444093
6.26875 4.6587119
6.27083 4.6723906
6.27292 4.6851423
6.275 4.6966317
6.27708 4.7065790
6.27917 4.7147227
6.28125 4.7208285
6.28333 4.7247663
6.28542 4.7264630
6.2875 4.7259489
6.28958 4.7233499
6.29167 4.7189129
6.29375 4.7129553
6.29583 4.7058945
6.29792 4.6981962
6.3 4.6903405
6.30208 4.6828366
6.30417 4.6761370
6.30625 4.6706560
6.30833 4.6667546
6.31042 4.6646979
6.3125 4.6646381
6.31458 4.6666805
6.31667 4.6708298
6.31875 4.6769884
6.32083 4.6850208
6.32292 4.6947703
6.325 4.7060068
6.32708 4.7184872
6.32917 4.7319543
6.33125 4.7461438
6.33333 4.7607846
6.33542 4.7755591
6.3375 4.7901934
6.33958 4.8043541
6.34167 4.8177470
6.34375 4.8300239
6.34583 4.8409054
6.34792 4.8500799
6.35 4.8572971
6.35208 4.8623826
6.35417 4.8652039
6.35625 4.8657519
6.35833 4.8641113
6.36042 4.8604642
6.3625 4.8550967
6.36458 4.8483937
6.36667 4.8407979
6.36875 4.8328021
6.37083 4.8249117
6.37292 4.8176266
6.375 4.8113891
6.37708 4.8065895
6.37917 4.8035385
6.38125 4.8024605
6.38333 4.8034716
6.38542 4.8066155
6.3875 4.8118686
6.38958 4.8190986
6.39167 4.8281600
6.39375 4.8388493
6.39583 4.8509231
6.39792 4.8641412
6.4 4.8782415
6.40208 4.8929287
6.40417 4.9079313
6.40625 4.9229355
6.40833 4.9376363
6.41042 4.9517216
6.4125 4.9648607
6.41458 4.9767250
6.41667 4.9870253
6.41875 4.9954820
6.42083 5.0018649
6.42292 5.0060075
6.425 5.0078431
6.42708 5.0074093
6.42917 5.0048354
6.43125 5.0003634
6.43333 4.9943382
6.43542 4.9871827
6.4375 4.9793799
6.43958 4.9714338
6.44167 4.9638523
6.44375 4.9571242
6.44583 4.9516763
6.44792 4.9478663
6.45 4.9459440
6.45208 4.9460894
6.45417 4.9483948
6.45625 4.9528474
6.45833 4.9593770
6.46042 4.9678348
6.4625 4.9780357
6.46458 4.9897489
6.46667 5.0027298
6.46875 5.0167212
6.47083 5.0314416
6.47292 5.0466112
6.475 5.0619358
6.47708 5.0771087
6.47917 5.0918109
6.48125 5.1057205
6.48333 5.1185071
6.48542 5.1298620
6.4875 5.1394992
6.48958 5.1471364
6.49167 5.1525825
6.49375 5.1557185
6.49583 5.1565152
6.49792 5.1550580
6.5 5.1515230
6.50208 5.1462146
6.50417 5.1395302
6.50625 5.1319287
6.50833 5.1239019
6.51042 5.1159656
6.5125 5.1086602
6.51458 5.1024332
6.51667 5.0976969
6.51875 5.0947551
6.52083 5.0938333
6.52292 5.0950622
6.525 5.0984699
6.52708 5.1040032
6.52917 5.1115748
6.53125 5.1209895
6.53333 5.1320446
6.53542 5.1444902
6.5375 5.1580629
6.53958 5.1725050
6.54167 5.1875430
6.54375 5.2028806
6.54583 5.2182157
6.54792 5.2332432
6.55 5.2476401
6.55208 5.2610846
6.55417 5.2732328
6.55625 5.2837786
6.55833 5.2924285
6.56042 5.2989591
6.5625 5.3032010
6.56458 5.3050822
6.56667 5.3046053
6.56875 5.3019314
6.57083 5.2972977
6.57292 5.2910609
6.575 5.2836747
6.57708 5.2756319
6.57917 5.2674353
6.58125 5.2596346
6.58333 5.2527245
6.58542 5.2471304
6.5875 5.2431960
6.58958 5.2412067
6.59167 5.2413198
6.59375 5.2436254
6.59583 5.2481123
6.59792 5.2547004
6.6 5.2632428
6.60208 5.2735582
6.60417 5.2853910
6.60625 5.2984966
6.60833 5.3126000
6.61042 5.3274366
6.6125 5.3427295
6.61458 5.3581853
6.61667 5.3734868
6.61875 5.3883108
6.62083 5.4023457
6.62292 5.4152483
6.625 5.4266924
6.62708 5.4363575
6.62917 5.4439877
6.63125 5.4493805
6.63333 5.4524208
6.63542 5.4530850
6.6375 5.4514652
6.63958 5.4477241
6.64167 5.4421976
6.64375 5.4352964
6.64583 5.4274641
6.64792 5.4192356
6.65 5.4111441
6.65208 5.4037150
6.65417 5.3974132
6.65625 5.3926385
6.65833 5.3897230
6.66042 5.3888764
6.6625 5.3902347
6.66458 5.3938346
6.66667 5.3996049
6.66875 5.4074521
6.67083 5.4171625
6.67292 5.4285239
6.675 5.4412977
6.67708 5.4552135
6.67917 5.4700064
6.68125 5.4853962
6.68333 5.5010913
6.68542 5.5167926
6.6875 5.5321685
6.68958 5.5469067
6.69167 5.5606815
6.69375 5.5731372
6.69583 5.5839371
6.69792 5.5928093
6.7 5.5995165
6.70208 5.6038786
6.70417 5.6058229
6.70625 5.6053883
6.70833 5.6027284
6.71042 5.5980909
6.7125 5.5918336
6.71458 5.5844187
6.71667 5.5763363
6.71875 5.5681390
6.72083 5.5603488
6.72292 5.5534856
6.725 5.5479837
6.72708 5.5441868
6.72917 5.5423972
6.73125 5.5428010
6.73333 5.5454643
6.73542 5.5503516
6.7375 5.5573856
6.73958 5.5663993
6.74167 5.5771921
6.74375 5.5895185
6.74583 5.6031226
6.74792 5.6177366
6.75 5.6330728
6.75208 5.6488593
6.75417 5.6647900
6.75625 5.6805555
6.75833 5.6958359
6.76042 5.7103188
6.7625 5.7236421
6.76458 5.7354652
6.76667 5.7454672
6.76875 5.7533591
6.77083 5.7589479
6.77292 5.7621097
6.775 5.7628124
6.77708 5.7611537
6.77917 5.7573627
6.78125 5.7517204
6.78333 5.7446528
6.78542 5.7366421
6.7875 5.7282274
6.78958 5.7199625
6.79167 5.7123885
6.79375 5.7059806
6.79583 5.7011394
6.79792 5.6982122
6.8 5.6974276
6.80208 5.6989019
6.80417 5.7026555
6.80625 5.7086270
6.80833 5.7166859
6.81042 5.7266672
6.8125 5.7383168
6.81458 5.7513770
6.81667 5.7655987
6.81875 5.7806981
6.82083 5.7963950
6.82292 5.8123926
6.825 5.8283909
6.82708 5.8440690
6.82917 5.8590987
6.83125 5.8731278
6.83333 5.8858127
6.83542 5.8968032
6.8375 5.9058026
6.83958 5.9125727
6.84167 5.9169437
6.84375 5.9188304
6.84583 5.9182735
6.84792 5.9154306
6.85 5.9105429
6.85208 5.9039843
6.85417 5.8962238
6.85625 5.8877954
6.85833 5.8792317
6.86042 5.8711079
6.8625 5.8639231
6.86458 5.8581378
6.86667 5.8541346
6.86875 5.8521980
6.87083 5.8524905
6.87292 5.8550824
6.875 5.8599520
6.87708 5.8670033
6.87917 5.8760775
6.88125 5.8869484
6.88333 5.8993757
6.88542 5.9131063
6.8875 5.9278756
6.88958 5.9433959
6.89167 5.9593850
6.89375 5.9755473
6.89583 5.9915755
6.89792 6.0071450
6.9 6.0219162
6.90208 6.0355042
6.90417 6.0475846
6.90625 6.0578203
6.90833 6.0659348
6.91042 6.0717073
6.9125 6.0750037
6.91458 6.0758058
6.91667 6.0741956
6.91875 6.0703890
6.92083 6.0646854
6.92292 6.0575299
6.925 6.0494254
6.92708 6.0409187
6.92917 6.0325741
6.93125 6.0249272
6.93333 6.0184795
6.93542 6.0136700
6.9375 6.0108200
6.93958 6.0101526
6.94167 6.0117819
6.94375 6.0157309
6.94583 6.0219336
6.94792 6.0302552
6.95 6.0404923
6.95208 6.0524267
6.95417 6.0657968
6.95625 6.0803334
6.95833 6.0957608
6.96042 6.1117892
6.9625 6.1281521
6.96458 6.1445294
6.96667 6.1606236
6.96875 6.1760719
6.97083 6.1905357
6.97292 6.2036303
6.975 6.2150283
6.97708 6.2244331
6.97917 6.2315717
6.98125 6.2362777
6.98333 6.2384526
6.98542 6.2381359
6.9875 6.2354786
6.98958 6.2307291
6.99167 6.2242706
6.99375 6.2165825
6.99583 6.2082118
6.99792 6.1997099
7 6.1916425
7.00208 6.1845477
7.00417 6.1789005
7.00625 6.1750825
7.00833 6.1733686
7.01042 6.1739230
7.0125 6.1768233
7.01458 6.1820413
7.01667 6.1894711
7.01875 6.1989389
7.02083 6.2102251
7.02292 6.2230681
7.025 6.2371923
7.02708 6.2523567
7.02917 6.2682685
7.03125 6.2846560
7.03333 6.3012100
7.03542 6.3176233
7.0375 6.3335640
7.03958 6.3486624
7.04167 6.3625722
7.04375 6.3749362
7.04583 6.3854153
7.04792 6.3937269
7.05 6.3996583
7.05208 6.4030572
7.05417 6.4038936
7.05625 6.4022675
7.05833 6.3983811
7.06042 6.3925851
7.0625 6.3852962
7.06458 6.3770491
7.06667 6.3684002
7.06875 6.3599198
7.07083 6.3521838
7.07292 6.3456915
7.075 6.3408716
7.07708 6.3380629
7.07917 6.3374817
7.08125 6.3392482
7.08333 6.3433679
7.08542 6.3497763
7.0875 6.3583230
7.08958 6.3688142
7.09167 6.3810023
7.09375 6.3946029
7.09583 6.4093815
7.09792 6.4250677
7.1 6.4413775
7.10208 6.4580044
7.10417 6.4746333
7.10625 6.4909525
7.10833 6.5066077
7.11042 6.5212404
7.1125 6.5345032
7.11458 6.5460363
7.11667 6.5555301
7.11875 6.5627249
7.12083 6.5674272
7.12292 6.5695525
7.125 6.5691187
7.12708 6.5662884
7.12917 6.5613223
7.13125 6.5546487
7.13333 6.5467344
7.13542 6.5381310
7.1375 6.5294429
7.13958 6.5212403
7.14167 6.5140555
7.14375 6.5083510
7.14583 6.5045309
7.14792 6.5028690
7.15 6.5035391
7.15208 6.5066005
7.15417 6.5120429
7.15625 6.5197320
7.15833 6.5294807
7.16042 6.5410926
7.1625 6.5542792
7.16458 6.5687932
7.16667 6.5843700
7.16875 6.6007153
7.17083 6.6175440
7.17292 6.6345414
7.175 6.6513953
7.17708 6.6677835
7.17917 6.6833411
7.18125 6.6977232
7.18333 6.7105568
7.18542 6.7214831
7.1875 6.7302052
7.18958 6.7364907
7.19167 6.7401934
7.19375 6.7412754
7.19583 6.7398260
7.19792 6.7360606
7.2 6.7303157
7.20208 6.7230440
7.20417 6.7147809
7.20625 6.7061074
7.20833 6.6976339
7.21042 6.6899152
7.2125 6.6834740
7.21458 6.6787482
7.21667 6.6760710
7.21875 6.6756777
7.22083 6.6776866
7.22292 6.6821166
7.225 6.6888868
7.22708 6.6978182
7.22917 6.7087395
7.23125 6.7214154
7.23333 6.7355734
7.23542 6.7509442
7.2375 6.7672419
7.23958 6.7841779
7.24167 6.8014464
7.24375 6.8187537
7.24583 6.8357525
7.24792 6.8521106
7.25 6.8674495
7.25208 6.8813998
7.25417 6.8935982
7.25625 6.9037193
7.25833 6.9114767
7.26042 6.9166820
7.2625 6.9192238
7.26458 6.9191281
7.26667 6.9165483
7.26875 6.9117602
7.27083 6.9051857
7.27292 6.8973137
7.275 6.8887251
7.27708 6.8800124
7.27917 6.8717874
7.28125 6.8645885
7.28333 6.8589034
7.28542 6.8551277
7.2875 6.8535567
7.28958 6.8543603
7.29167 6.8576033
7.29375 6.8632650
7.29583 6.8711892
7.29792 6.8812033
7.3 6.8931035
7.30208 6.9066375
7.30417 6.9215208
7.30625 6.9374782
7.30833 6.9542361
7.31042 6.9714904
7.3125 6.9889322
7.31458 7.0062519
7.31667 7.0231137
7.31875 7.0391435
7.32083 7.0539742
7.32292 7.0672345
7.325 7.0785675
7.32708 7.0876369
7.32917 7.0942055
7.33125 7.0981199
7.33333 7.0993368
7.33542 7.0979338
7.3375 7.0941399
7.33958 7.0883090
7.34167 7.0808991
7.34375 7.0724698
7.34583 7.0636189
7.34792 7.0549428
7.35 7.0470374
7.35208 7.0404386
7.35417 7.0355885
7.35625 7.0328382
7.35833 7.0324108
7.36042 7.0344217
7.3625 7.0388782
7.36458 7.0457036
7.36667 7.0547444
7.36875 7.0657717
7.37083 7.0785794
7.37292 7.0928955
7.375 7.1084381
7.37708 7.1249294
7.37917 7.1420981
7.38125 7.1596327
7.38333 7.1772224
7.38542 7.1945362
7.3875 7.2112147
7.38958 7.2268940
7.39167 7.2411992
7.39375 7.2537417
7.39583 7.2641712
7.39792 7.2721951
7.4 7.2776022
7.40208 7.2802918
7.40417 7.2802776
7.40625 7.2777159
7.40833 7.2728945
7.41042 7.2662414
7.4125 7.2582650
7.41458 7.2495682
7.41667 7.2407420
7.41875 7.2324223
7.42083 7.2251714
7.42292 7.2194954
7.425 7.2157995
7.42708 7.2143605
7.42917 7.2153474
7.43125 7.2188316
7.43333 7.2247594
7.43542 7.2330035
7.4375 7.2433665
7.43958 7.2556407
7.44167 7.2695426
7.44375 7.2848036
7.44583 7.3011673
7.44792 7.3183330
7.45 7.3360170
7.45208 7.3539150
7.45417 7.3716961
7.45625 7.3890157
7.45833 7.4055037
7.46042 7.4208007
7.4625 7.4345141
7.46458 7.4462841
7.46667 7.4557816
7.46875 7.4627325
7.47083 7.4669806
7.47292 7.4684845
7.475 7.4673103
7.47708 7.4637266
7.47917 7.4580569
7.48125 7.4507977
7.48333 7.4424958
7.48542 7.4337777
7.4875 7.4252494
7.48958 7.4175341
7.49167 7.4111608
7.49375 7.4066036
7.49583 7.4041881
7.49792 7.4041527
7.5 7.4066085
7.50208 7.4115413
7.50417 7.4188812
7.50625 7.4284617
7.50833 7.4400804
7.51042 7.4534663
7.5125 7.4683622
7.51458 7.4844717
7.51667 7.5015296
7.51875 7.5192560
7.52083 7.5373435
7.52292 7.5554667
7.525 7.5732966
7.52708 7.5904754
7.52917 7.6066406
7.53125 7.6213868
7.53333 7.6343380
7.53542 7.6451204
7.5375 7.6534315
7.53958 7.6590629
7.54167 7.6618960
7.54375 7.6619426
7.54583 7.6593683
7.54792 7.6544687
7.55 7.6476830
7.55208 7.6395619
7.55417 7.6306820
7.55625 7.6216858
7.55833 7.6132356
7.56042 7.6059054
7.5625 7.6001999
7.56458 7.5965105
7.56667 7.5951428
7.56875 7.5962605
7.57083 7.5999142
7.57292 7.6060451
7.575 7.6145248
7.57708 7.6251617
7.57917 7.6377310
7.58125 7.6519410
7.58333 7.6675241
7.58542 7.6841916
7.5875 7.7016551
7.58958 7.7196380
7.59167 7.7378402
7.59375 7.7559181
7.59583 7.7735284
7.59792 7.7902884
7.6 7.8058226
7.60208 7.8197209
7.60417 7.8316033
7.60625 7.8411290
7.60833 7.8480452
7.61042 7.8521897
7.6125 7.8535019
7.61458 7.8520810
7.61667 7.8481321
7.61875 7.8420593
7.62083 7.8343683
7.62292 7.8256409
7.625 7.8164959
7.62708 7.8075958
7.62917 7.7995420
7.63125 7.7928947
7.63333 7.7881009
7.63542 7.7855260
7.6375 7.7853858
7.63958 7.7877995
7.64167 7.7927584
7.64375 7.8001821
7.64583 7.8098960
7.64792 7.8216534
7.65 7.8352086
7.65208 7.8502621
7.65417 7.8665489
7.65625 7.8837939
7.65833 7.9017041
7.66042 7.9199893
7.6625 7.9383207
7.66458 7.9563656
7.66667 7.9737652
7.66875 7.9901257
7.67083 8.0050349
7.67292 8.0181072
7.675 8.0289639
7.67708 8.0373071
7.67917 8.0429048
7.68125 8.0456717
7.68333 8.0456178
7.68542 8.0429151
7.6875 8.0378610
7.68958 8.0309191
7.69167 8.0226238
7.69375 8.0135855
7.69583 8.0044714
7.69792 7.9959330
7.7 7.9885657
7.70208 7.9828611
7.70417 7.9792237
7.70625 7.9779613
7.70833 7.9792604
7.71042 7.9831668
7.7125 7.9896037
7.71458 7.9984385
7.71667 8.0094515
7.71875 8.0223859
7.72083 8.0369890
7.72292 8.0529634
7.725 8.0700259
7.72708 8.0878985
7.72917 8.1062802
7.73125 8.1248666
7.73333 8.1433243
7.73542 8.1613220
7.7375 8.1784708
7.73958 8.1943740
7.74167 8.2086079
7.74375 8.2207844
7.74583 8.2305531
7.74792 8.2376559
7.75 8.2419120
7.75208 8.2432721
7.75417 8.2418560
7.75625 8.2379158
7.75833 8.2318072
7.76042 8.2240416
7.7625 8.2152089
7.76458 8.2059770
7.76667 8.1970039
7.76875 8.1889281
7.77083 8.1822991
7.77292 8.1775920
7.775 8.1751616
7.77708 8.1752555
7.77917 8.1779621
7.78125 8.1832509
7.78333 8.1910206
7.78542 8.2010770
7.7875 8.2132060
7.78958 8.2271099
7.79167 8.2425083
7.79375 8.2591319
7.79583 8.2766913
7.79792 8.2949047
7.8 8.3134680
7.80208 8.3320755
7.80417 8.3503934
7.80625 8.3680569
7.80833 8.3846627
7.81042 8.3998005
7.8125 8.4130379
7.81458 8.4240311
7.81667 8.4324605
7.81875 8.4380890
7.82083 8.4408117
7.82292 8.4406642
7.825 8.4378248
7.82708 8.4325741
7.82917 8.4253916
7.83125 8.4168322
7.83333 8.4075296
7.83542 8.3981479
7.8375 8.3893747
7.83958 8.3817901
7.84167 8.3759170
7.84375 8.3721811
7.84583 8.3709054
7.84792 8.3722222
7.85 8.3761671
7.85208 8.3826779
7.85417 8.3916086
7.85625 8.4027292
7.85833 8.4157767
7.86042 8.4304673
7.8625 8.4465297
7.86458 8.4636778
7.86667 8.4816243
7.86875 8.5000825
7.87083 8.5187423
7.87292 8.5373018
7.875 8.5554024
7.87708 8.5726464
7.87917 8.5886291
7.88125 8.6029122
7.88333 8.6151093
7.88542 8.6248711
7.8875 8.6319210
7.88958 8.6360762
7.89167 8.6372927
7.89375 8.6356772
7.89583 8.6314956
7.89792 8.6251080
7.9 8.6170503
7.90208 8.6079398
7.90417 8.5984372
7.90625 8.5892191
7.90833 8.5809241
7.91042 8.5741347
7.9125 8.5693268
7.91458 8.5668718
7.91667 8.5669743
7.91875 8.5697390
7.92083 8.5751260
7.92292 8.5830433
7.925 8.5932786
7.92708 8.6055853
7.92917 8.6196912
7.93125 8.6353149
7.93333 8.6521507
7.93542 8.6699245
7.9375 8.6883557
7.93958 8.7071610
7.94167 8.7260174
7.94375 8.7446001
7.94583 8.7625134
7.94792 8.7793667
7.95 8.7947284
7.95208 8.8081777
7.95417 8.8193498
7.95625 8.8279336
7.95833 8.8336992
7.96042 8.8365090
7.9625 8.8363947
7.96458 8.8335309
7.96667 8.8282405
7.96875 8.8209826
7.97083 8.8123478
7.97292 8.8029759
7.975 8.7935423
7.97708 8.7847366
7.97917 8.7771897
7.98125 8.7714306
7.98333 8.7678966
7.98542 8.7668629
7.9875 8.7684691
7.98958 8.7727642
7.99167 8.7796546
7.99375 8.7889813
7.99583 8.8005159
7.99792 8.8139765
