0.00208333 0.0002937
0.00416667 0.0003524
0.00625 0.0003542
0.00833333 0.0003534
0.0104167 0.0003340
0.0125 0.0003149
0.0145833 0.0002574
0.0166667 0.0001906
0.01875 0.0001182
0.0208333 0.0000556
0.0229167 -0.0000242
0.025 -0.0001206
0.0270833 -0.0002160
0.0291667 -0.0003088
0.03125 -0.0003964
0.0333333 -0.0004650
0.0354167 -0.0005269
0.0375 -0.0005555
0.0395833 -0.0005651
0.0416667 -0.0005526
0.04375 -0.0005385
0.0458333 -0.0004848
0.0479167 -0.0003859
0.05 -0.0002906
0.0520833 -0.0001995
0.0541667 -0.0000847
0.05625 0.0000298
0.0583333 0.0001406
0.0604167 0.0002436
0.0625 0.0003361
0.0645833 0.0004098
0.0666667 0.0004706
0.06875 0.0005084
0.0708333 0.0005274
0.0729167 0.0005278
0.075 0.0005302
0.0770833 0.0004990
0.0791667 0.0004484
0.08125 0.0003807
0.0833333 0.0003194
0.0854167 0.0002305
0.0875 0.0001393
0.0895833 0.0000500
0.0916667 -0.0000353
0.09375 -0.0001085
0.0958333 -0.0001737
0.0979167 -0.0002387
0.1 -0.0002923
0.102083 -0.0003329
0.104167 -0.0003606
0.10625 -0.0003944
0.108333 -0.0004010
0.110417 -0.0003918
0.1125 -0.0003666
0.114583 -0.0003472
0.116667 -0.0003037
0.11875 -0.0002536
0.120833 -0.0001939
0.122917 -0.0001457
0.125 -0.0000800
0.127083 -0.0000160
0.129167 0.0000286
0.13125 0.0000536
0.133333 0.0000771
0.135417 0.0000878
0.1375 0.0000967
0.139583 0.0000909
0.141667 0.0000801
0.14375 0.0000709
0.145833 0.0000794
0.147917 0.0000696
0.15 0.0000695
0.152083 0.0000755
0.154167 0.0000987
0.15625 0.0000988
0.158333 0.0000970
0.160417 0.0000980
0.1625 0.0000799
0.164583 0.0000578
0.166667 0.0000438
0.16875 0.0000296
0.170833 0.0000103
0.172917 -0.0000015
0.175 0.0000080
0.177083 -0.0000039
0.179167 0.0000074
0.18125 0.0000163
0.183333 0.0000248
0.185417 0.0000154
0.1875 0.0000315
0.189583 0.0000492
0.191667 0.0000491
0.19375 0.0000657
0.195833 0.0000796
0.197917 0.0000925
0.2 0.0001335
0.202083 0.0001933
0.204167 0.0002584
0.20625 0.0003282
0.208333 0.0004030
0.210417 0.0004538
0.2125 0.0004853
0.214583 0.0004930
0.216667 0.0004762
0.21875 0.0004342
0.220833 0.0003717
0.222917 0.0003108
0.225 0.0002060
0.227083 0.0000820
0.229167 -0.0000587
0.23125 -0.0001994
0.233333 -0.0003340
0.235417 -0.0004312
0.2375 -0.0004743
0.239583 -0.0004603
0.241667 -0.0003924
0.24375 -0.0002805
0.245833 -0.0001275
0.247917 0.0000270
0.25 0.0002000
0.252083 0.0003241
0.254167 0.0003413
0.25625 0.0002962
0.258333 0.0001798
0.260417 0.0000255
0.2625 -0.0001986
0.264583 -0.0004196
0.266667 -0.0006337
0.26875 -0.0008272
0.270833 -0.0010001
0.272917 -0.0011302
0.275 -0.0012269
0.277083 -0.0012961
0.279167 -0.0013121
0.28125 -0.0012949
0.283333 -0.0012312
0.285417 -0.0011043
0.2875 -0.0009599
0.289583 -0.0007877
0.291667 -0.0005914
0.29375 -0.0003566
0.295833 -0.0001327
0.297917 0.0000920
0.3 0.0003125
0.302083 0.0005248
0.304167 0.0007157
0.30625 0.0008855
0.308333 0.0010137
0.310417 0.0010993
0.3125 0.0011545
0.314583 0.0011703
0.316667 0.0011261
0.31875 0.0010581
0.320833 0.0009465
0.322917 0.0008118
0.325 0.0006256
0.327083 0.0004315
0.329167 0.0002220
0.33125 0.0000077
0.333333 -0.0002245
0.335417 -0.0004370
0.3375 -0.0006367
0.339583 -0.0008082
0.341667 -0.0009485
0.34375 -0.0010749
0.345833 -0.0011569
0.347917 -0.0011769
0.35 -0.0011644
0.352083 -0.0011113
0.354167 -0.0010152
0.35625 -0.0008562
0.358333 -0.0006798
0.360417 -0.0004771
0.3625 -0.0002555
0.364583 -0.0000036
0.366667 0.0002354
0.36875 0.0004730
0.370833 0.0006968
0.372917 0.0009033
0.375 0.0010779
0.377083 0.0012021
0.379167 0.0012721
0.38125 0.0012986
0.383333 0.0012774
0.385417 0.0012110
0.3875 0.0011026
0.389583 0.0009394
0.391667 0.0007322
0.39375 0.0004912
0.395833 0.0002132
0.397917 -0.0000594
0.4 -0.0003362
0.402083 -0.0006044
0.404167 -0.0008640
0.40625 -0.0010787
0.408333 -0.0012549
0.410417 -0.0013894
0.4125 -0.0014813
0.414583 -0.0015166
0.416667 -0.0015040
0.41875 -0.0014209
0.420833 -0.0012924
0.422917 -0.0011191
0.425 -0.0009058
0.427083 -0.0006374
0.429167 -0.0003854
0.43125 -0.0000963
0.433333 0.0001956
0.435417 0.0004937
0.4375 0.0007501
0.439583 0.0009754
0.441667 0.0011701
0.44375 0.0013004
0.445833 0.0013913
0.447917 0.0014208
0.45 0.0013936
0.452083 0.0013232
0.454167 0.0012046
0.45625 0.0010437
0.458333 0.0008399
0.460417 0.0006394
0.4625 0.0004225
0.464583 0.0001964
0.466667 -0.0000563
0.46875 -0.0002816
0.470833 -0.0004775
0.472917 -0.0006855
0.475 -0.0008534
0.477083 -0.0009898
0.479167 -0.0010933
0.48125 -0.0011689
0.483333 -0.0012082
0.485417 -0.0012092
0.4875 -0.0011742
0.489583 -0.0010887
0.491667 -0.0009838
0.49375 -0.0008529
0.495833 -0.0007028
0.497917 -0.0005190
0.5 -0.0003420
0.502083 -0.0001618
0.504167 0.0000351
0.50625 0.0002120
0.508333 0.0003855
0.510417 0.0005401
0.5125 0.0006826
0.514583 0.0008023
0.516667 0.0008847
0.51875 0.0009327
0.520833 0.0009529
0.522917 0.0009587
0.525 0.0009380
0.527083 0.0008889
0.529167 0.0007924
0.53125 0.0006931
0.533333 0.0005767
0.535417 0.0004237
0.5375 0.0002783
0.539583 0.0001210
0.541667 -0.0000381
0.54375 -0.0002043
0.545833 -0.0003490
0.547917 -0.0004856
0.55 -0.0006077
0.552083 -0.0007119
0.554167 -0.0007952
0.55625 -0.0008586
0.558333 -0.0008836
0.560417 -0.0008644
0.5625 -0.0008335
0.564583 -0.0007765
0.566667 -0.0006652
0.56875 -0.0005559
0.570833 -0.0004243
0.572917 -0.0002700
0.575 -0.0000882
0.577083 0.0000792
0.579167 0.0002497
0.58125 0.0004106
0.583333 0.0005547
0.585417 0.0006792
0.5875 0.0007813
0.589583 0.0008570
0.591667 0.0008723
0.59375 0.0008583
0.595833 0.0008126
0.597917 0.0007361
0.6 0.0006301
0.602083 0.0005034
0.604167 0.0003558
0.60625 0.0001733
0.608333 -0.0000002
0.610417 -0.0001838
0.6125 -0.0003678
0.614583 -0.0005603
0.616667 -0.0007300
0.61875 -0.0008693
0.620833 -0.0009814
0.622917 -0.0010575
0.625 -0.0010979
0.627083 -0.0010991
0.629167 -0.0010426
0.63125 -0.0009580
0.633333 -0.0008359
0.635417 -0.0006811
0.6375 -0.0004750
0.639583 -0.0002870
0.641667 -0.0000591
0.64375 0.0001724
0.645833 0.0004277
0.647917 0.0006664
0.65 0.0008980
0.652083 0.0011100
0.654167 0.0012816
0.65625 0.0013924
0.658333 0.0014510
0.660417 0.0014545
0.6625 0.0014074
0.664583 0.0013095
0.666667 0.0011676
0.66875 0.0009670
0.670833 0.0007488
0.672917 0.0005047
0.675 0.0002467
0.677083 -0.0000411
0.679167 -0.0003090
0.68125 -0.0005541
0.683333 -0.0007971
0.685417 -0.0010152
0.6875 -0.0011909
0.689583 -0.0013466
0.691667 -0.0014547
0.69375 -0.0015178
0.695833 -0.0015342
0.697917 -0.0015027
0.7 -0.0014065
0.702083 -0.0012804
0.704167 -0.0011131
0.70625 -0.0009128
0.708333 -0.0006712
0.710417 -0.0004374
0.7125 -0.0001837
0.714583 0.0000625
0.716667 0.0003103
0.71875 0.0005184
0.720833 0.0007049
0.722917 0.0008669
0.725 0.0009891
0.727083 0.0010712
0.729167 0.0011132
0.73125 0.0011125
0.733333 0.0010860
0.735417 0.0010218
0.7375 0.0009240
0.739583 0.0007833
0.741667 0.0006418
0.74375 0.0004857
0.745833 0.0003191
0.747917 0.0001300
0.75 -0.0000414
0.752083 -0.0002100
0.754167 -0.0003823
0.75625 -0.0005318
0.758333 -0.0006611
0.760417 -0.0007643
0.7625 -0.0008448
0.764583 -0.0008904
0.766667 -0.0009092
0.76875 -0.0008835
0.770833 -0.0008085
0.772917 -0.0007238
0.775 -0.0006198
0.777083 -0.0004994
0.779167 -0.0003438
0.78125 -0.0002047
0.783333 -0.0000707
0.785417 0.0000799
0.7875 0.0002048
0.789583 0.0003168
0.791667 0.0004146
0.79375 0.0004972
0.795833 0.0005485
0.797917 0.0005798
0.8 0.0005936
0.802083 0.0005723
0.804167 0.0005454
0.80625 0.0004982
0.808333 0.0004553
0.810417 0.0003601
0.8125 0.0002754
0.814583 0.0001839
0.816667 0.0000679
0.81875 -0.0000316
0.820833 -0.0001283
0.822917 -0.0002159
0.825 -0.0003027
0.827083 -0.0003720
0.829167 -0.0004319
0.83125 -0.0004604
0.833333 -0.0004487
0.835417 -0.0004373
0.8375 -0.0004128
0.839583 -0.0003699
0.841667 -0.0002899
0.84375 -0.0002125
0.845833 -0.0001276
0.847917 -0.0000147
0.85 0.0000582
0.852083 0.0001576
0.854167 0.0002543
0.85625 0.0003634
0.858333 0.0004530
0.860417 0.0005329
0.8625 0.0005866
0.864583 0.0006194
0.866667 0.0006383
0.86875 0.0006340
0.870833 0.0006015
0.872917 0.0005274
0.875 0.0004430
0.877083 0.0003356
0.879167 0.0001878
0.88125 0.0000463
0.883333 -0.0001062
0.885417 -0.0002681
0.8875 -0.0004487
0.889583 -0.0006035
0.891667 -0.0007426
0.89375 -0.0008508
0.895833 -0.0009490
0.897917 -0.0010025
0.9 -0.0010095
0.902083 -0.0009664
0.904167 -0.0008737
0.90625 -0.0007451
0.908333 -0.0005890
0.910417 -0.0003951
0.9125 -0.0002018
0.914583 0.0000012
0.916667 0.0002060
0.91875 0.0004276
0.920833 0.0006186
0.922917 0.0007925
0.925 0.0009397
0.927083 0.0010617
0.929167 0.0011265
0.93125 0.0011546
0.933333 0.0011710
0.935417 0.0011592
0.9375 0.0011197
0.939583 0.0010493
0.941667 0.0009356
0.94375 0.0007953
0.945833 0.0006243
0.947917 0.0004348
0.95 0.0002149
0.952083 0.0000139
0.954167 -0.0001790
0.95625 -0.0003559
0.958333 -0.0005289
0.960417 -0.0006592
0.9625 -0.0007616
0.964583 -0.0008343
0.966667 -0.0008861
0.96875 -0.0008929
0.970833 -0.0008481
0.972917 -0.0007639
0.975 -0.0006653
0.977083 -0.0005620
0.979167 -0.0004314
0.98125 -0.0002677
0.983333 -0.0001153
0.985417 0.0000384
0.9875 0.0001867
0.989583 0.0003427
0.991667 0.0004613
0.99375 0.0005588
0.995833 0.0006339
0.997917 0.0006981
1 0.0007255
1.00208 0.0007086
1.00417 0.0006588
1.00625 0.0005853
1.00833 0.0004849
1.01042 0.0003629
1.0125 0.0002193
1.01458 0.0000879
1.01667 -0.0000238
1.01875 -0.0001433
1.02083 -0.0002730
1.02292 -0.0003692
1.025 -0.0004398
1.02708 -0.0004880
1.02917 -0.0005317
1.03125 -0.0005351
1.03333 -0.0005193
1.03542 -0.0004922
1.0375 -0.0004369
1.03958 -0.0003619
1.04167 -0.0002785
1.04375 -0.0001836
1.04583 -0.0000938
1.04792 -0.0000046
1.05 0.0000649
1.05208 0.0001624
1.05417 0.0002336
1.05625 0.0002870
1.05833 0.0003279
1.06042 0.0003708
1.0625 0.0003795
1.06458 0.0003764
1.06667 0.0003722
1.06875 0.0003425
1.07083 0.0003159
1.07292 0.0002834
1.075 0.0002338
1.07708 0.0001778
1.07917 0.0001297
1.08125 0.0000811
1.08333 0.0000181
1.08542 -0.0000142
1.0875 -0.0000646
1.08958 -0.0001160
1.09167 -0.0001798
1.09375 -0.0002274
1.09583 -0.0002721
1.09792 -0.0003298
1.1 -0.0003635
1.10208 -0.0003893
1.10417 -0.0004016
1.10625 -0.0004087
1.10833 -0.0004249
1.11042 -0.0004291
1.1125 -0.0004303
1.11458 -0.0004096
1.11667 -0.0003839
1.11875 -0.0003622
1.12083 -0.0003163
1.12292 -0.0002344
1.125 -0.0001526
1.12708 -0.0000579
1.12917 0.0000712
1.13125 0.0001824
1.13333 0.0002941
1.13542 0.0004002
1.1375 0.0005092
1.13958 0.0005835
1.14167 0.0006318
1.14375 0.0006656
1.14583 0.0006773
1.14792 0.0006555
1.15 0.0005983
1.15208 0.0005130
1.15417 0.0004171
1.15625 0.0003075
1.15833 0.0001873
1.16042 0.0000384
1.1625 -0.0000976
1.16458 -0.0002356
1.16667 -0.0003713
1.16875 -0.0005138
1.17083 -0.0006246
1.17292 -0.0007189
1.175 -0.0007981
1.17708 -0.0008291
1.17917 -0.0008083
1.18125 -0.0007507
1.18333 -0.0006504
1.18542 -0.0005012
1.1875 -0.0003401
1.18958 -0.0001854
1.19167 0.0000095
1.19375 0.0001856
1.19583 0.0003522
1.19792 0.0005043
1.2 0.0006548
1.20208 0.0007572
1.20417 0.0008303
1.20625 0.0008688
1.20833 0.0008772
1.21042 0.0008415
1.2125 0.0007812
1.21458 0.0006975
1.21667 0.0005911
1.21875 0.0004733
1.22083 0.0003389
1.22292 0.0001994
1.225 0.0000607
1.22708 -0.0000770
1.22917 -0.0002123
1.23125 -0.0003505
1.23333 -0.0004490
1.23542 -0.0005274
1.2375 -0.0005828
1.23958 -0.0006290
1.24167 -0.0006322
1.24375 -0.0006009
1.24583 -0.0005429
1.24792 -0.0004769
1.25 -0.0003834
1.25208 -0.0002727
1.25417 -0.0001540
1.25625 -0.0000516
1.25833 0.0000270
1.26042 0.0001120
1.2625 0.0002057
1.26458 0.0002665
1.26667 0.0003121
1.26875 0.0003420
1.27083 0.0003719
1.27292 0.0003628
1.275 0.0003364
1.27708 0.0002938
1.27917 0.0002425
1.28125 0.0001633
1.28333 0.0000804
1.28542 -0.0000174
1.2875 -0.0001187
1.28958 -0.0002086
1.29167 -0.0002749
1.29375 -0.0003548
1.29583 -0.0004009
1.29792 -0.0004240
1.3 -0.0004245
1.30208 -0.0004296
1.30417 -0.0003949
1.30625 -0.0003412
1.30833 -0.0002760
1.31042 -0.0002151
1.3125 -0.0001353
1.31458 -0.0000542
1.31667 0.0000363
1.31875 0.0001341
1.32083 0.0002102
1.32292 0.0002746
1.325 0.0003509
1.32708 0.0003948
1.32917 0.0004411
1.33125 0.0004748
1.33333 0.0005164
1.33542 0.0005217
1.3375 0.0005095
1.33958 0.0004817
1.34167 0.0004577
1.34375 0.0004015
1.34583 0.0003316
1.34792 0.0002528
1.35 0.0001561
1.35208 0.0000609
1.35417 -0.0000513
1.35625 -0.0001700
1.35833 -0.0002812
1.36042 -0.0003745
1.3625 -0.0004787
1.36458 -0.0005926
1.36667 -0.0006672
1.36875 -0.0007282
1.37083 -0.0007674
1.37292 -0.0008130
1.375 -0.0008230
1.37708 -0.0008126
1.37917 -0.0007898
1.38125 -0.0007238
1.38333 -0.0006299
1.38542 -0.0005104
1.3875 -0.0003727
1.38958 -0.0002292
1.39167 -0.0000659
1.39375 0.0001032
1.39583 0.0002725
1.39792 0.0004392
1.4 0.0005967
1.40208 0.0007414
1.40417 0.0008887
1.40625 0.0009929
1.40833 0.0010717
1.41042 0.0011407
1.4125 0.0011543
1.41458 0.0011312
1.41667 0.0010727
1.41875 0.0009878
1.42083 0.0008478
1.42292 0.0006765
1.425 0.0004685
1.42708 0.0002332
1.42917 -0.0000018
1.43125 -0.0002506
1.43333 -0.0004876
1.43542 -0.0007268
1.4375 -0.0009284
1.43958 -0.0011013
1.44167 -0.0012607
1.44375 -0.0013532
1.44583 -0.0013983
1.44792 -0.0013985
1.45 -0.0013656
1.45208 -0.0012726
1.45417 -0.0011343
1.45625 -0.0009570
1.45833 -0.0007525
1.46042 -0.0005223
1.4625 -0.0002738
1.46458 -0.0000267
1.46667 0.0002420
1.46875 0.0004814
1.47083 0.0006956
1.47292 0.0008946
1.475 0.0010366
1.47708 0.0011346
1.47917 0.0011837
1.48125 0.0012033
1.48333 0.0011593
1.48542 0.0010687
1.4875 0.0009374
1.48958 0.0007819
1.49167 0.0005971
1.49375 0.0003786
1.49583 0.0001429
1.49792 -0.0000865
1.5 -0.0003031
1.50208 -0.0004996
1.50417 -0.0006880
1.50625 -0.0008252
1.50833 -0.0009233
1.51042 -0.0009808
1.5125 -0.0010223
1.51458 -0.0010020
1.51667 -0.0009390
1.51875 -0.0008391
1.52083 -0.0007194
1.52292 -0.0005592
1.525 -0.0003833
1.52708 -0.0002048
1.52917 -0.0000229
1.53125 0.0001515
1.53333 0.0002985
1.53542 0.0004481
1.5375 0.0005665
1.53958 0.0006570
1.54167 0.0007219
1.54375 0.0007717
1.54583 0.0007673
1.54792 0.0007323
1.55 0.0006653
1.55208 0.0005844
1.55417 0.0004707
1.55625 0.0003448
1.55833 0.0002116
1.56042 0.0000647
1.5625 -0.0000921
1.56458 -0.0002442
1.56667 -0.0003880
1.56875 -0.0005066
1.57083 -0.0006218
1.57292 -0.0007165
1.575 -0.0008071
1.57708 -0.0008530
1.57917 -0.0008643
1.58125 -0.0008471
1.58333 -0.0008221
1.58542 -0.0007564
1.5875 -0.0006678
1.58958 -0.0005556
1.59167 -0.0004354
1.59375 -0.0003003
1.59583 -0.0001467
1.59792 0.0000127
1.6 0.0001672
1.60208 0.0003073
1.60417 0.0004453
1.60625 0.0005852
1.60833 0.0006971
1.61042 0.0007870
1.6125 0.0008550
1.61458 0.0009237
1.61667 0.0009477
1.61875 0.0009420
1.62083 0.0009107
1.62292 0.0008632
1.625 0.0007673
1.62708 0.0006516
1.62917 0.0005382
1.63125 0.0004074
1.63333 0.0002550
1.63542 0.0000884
1.6375 -0.0000709
1.63958 -0.0002253
1.64167 -0.0003797
1.64375 -0.0005278
1.64583 -0.0006821
1.64792 -0.0007978
1.65 -0.0008871
1.65208 -0.0009559
1.65417 -0.0010194
1.65625 -0.0010323
1.65833 -0.0010156
1.66042 -0.0009802
1.6625 -0.0008928
1.66458 -0.0007712
1.66667 -0.0006391
1.66875 -0.0004826
1.67083 -0.0003142
1.67292 -0.0001316
1.675 0.0000529
1.67708 0.0002547
1.67917 0.0004377
1.68125 0.0006108
1.68333 0.0007698
1.68542 0.0009270
1.6875 0.0010392
1.68958 0.0011203
1.69167 0.0011681
1.69375 0.0011616
1.69583 0.0011154
1.69792 0.0010195
1.7 0.0008791
1.70208 0.0006919
1.70417 0.0004733
1.70625 0.0002423
1.70833 -0.0000253
1.71042 -0.0002815
1.7125 -0.0005215
1.71458 -0.0007378
1.71667 -0.0009471
1.71875 -0.0011060
1.72083 -0.0012264
1.72292 -0.0013221
1.725 -0.0013478
1.72708 -0.0013233
1.72917 -0.0012507
1.73125 -0.0011463
1.73333 -0.0009979
1.73542 -0.0008232
1.7375 -0.0006193
1.73958 -0.0004127
1.74167 -0.0002079
1.74375 0.0000087
1.74583 0.0002226
1.74792 0.0004415
1.75 0.0006235
1.75208 0.0007777
1.75417 0.0009184
1.75625 0.0010016
1.75833 0.0010408
1.76042 0.0010374
1.7625 0.0010019
1.76458 0.0009080
1.76667 0.0007781
1.76875 0.0006186
1.77083 0.0004360
1.77292 0.0002236
1.775 0.0000072
1.77708 -0.0002092
1.77917 -0.0004290
1.78125 -0.0006175
1.78333 -0.0007788
1.78542 -0.0009288
1.7875 -0.0010210
1.78958 -0.0010705
1.79167 -0.0010750
1.79375 -0.0010543
1.79583 -0.0009711
1.79792 -0.0008475
1.8 -0.0006854
1.80208 -0.0004990
1.80417 -0.0002782
1.80625 -0.0000459
1.80833 0.0001958
1.81042 0.0004714
1.8125 0.0007288
1.81458 0.0009544
1.81667 0.0011592
1.81875 0.0013091
1.82083 0.0014136
1.82292 0.0014686
1.825 0.0014965
1.82708 0.0014514
1.82917 0.0013584
1.83125 0.0012125
1.83333 0.0010356
1.83542 0.0008056
1.8375 0.0005486
1.83958 0.0002648
1.84167 -0.0000365
1.84375 -0.0003266
1.84583 -0.0006095
1.84792 -0.0008834
1.85 -0.0011200
1.85208 -0.0013215
1.85417 -0.0014800
1.85625 -0.0016122
1.85833 -0.0016721
1.86042 -0.0016791
1.8625 -0.0016346
1.86458 -0.0015595
1.86667 -0.0014193
1.86875 -0.0012396
1.87083 -0.0010281
1.87292 -0.0007902
1.875 -0.0005180
1.87708 -0.0002162
1.87917 0.0001072
1.88125 0.0004119
1.88333 0.0007100
1.88542 0.0009909
1.8875 0.0012629
1.88958 0.0014823
1.89167 0.0016581
1.89375 0.0017772
1.89583 0.0018550
1.89792 0.0018553
1.9 0.0017980
1.90208 0.0016804
1.90417 0.0015271
1.90625 0.0013085
1.90833 0.0010444
1.91042 0.0007654
1.9125 0.0004730
1.91458 0.0001743
1.91667 -0.0001227
1.91875 -0.0004308
1.92083 -0.0007266
1.92292 -0.0010104
1.925 -0.0012719
1.92708 -0.0015275
1.92917 -0.0017279
1.93125 -0.0018787
1.93333 -0.0019732
1.93542 -0.0020181
1.9375 -0.0019735
1.93958 -0.0018571
1.94167 -0.0016782
1.94375 -0.0014312
1.94583 -0.0011256
1.94792 -0.0007636
1.95 -0.0003585
1.95208 0.0000532
1.95417 0.0004613
1.95625 0.0008516
1.95833 0.0012304
1.96042 0.0015487
1.9625 0.0018107
1.96458 0.0020087
1.96667 0.0021601
1.96875 0.0022126
1.97083 0.0021833
1.97292 0.0020826
1.975 0.0018861
1.97708 0.0016212
1.97917 0.0012991
1.98125 0.0009286
1.98333 0.0005301
1.98542 0.0001076
1.9875 -0.0003274
1.98958 -0.0007647
1.99167 -0.0011511
1.99375 -0.0014869
1.99583 -0.0017605
1.99792 -0.0019823
2 -0.0021082
2.00208 -0.0021514
2.00417 -0.0021289
2.00625 -0.0020047
2.00833 -0.0018072
2.01042 -0.0015462
2.0125 -0.0012302
2.01458 -0.0008626
2.01667 -0.0004505
2.01875 -0.0000212
2.02083 0.0004139
2.02292 0.0008267
2.025 0.0012095
2.02708 0.0015447
2.02917 0.0018368
2.03125 0.0020371
2.03333 0.0021577
2.03542 0.0022158
2.0375 0.0021669
2.03958 0.0020374
2.04167 0.0018172
2.04375 0.0015527
2.04583 0.0012109
2.04792 0.0008269
2.05 0.0004151
2.05208 -0.0000195
2.05417 -0.0004556
2.05625 -0.0008625
2.05833 -0.0012351
2.06042 -0.0015805
2.0625 -0.0018555
2.06458 -0.0020566
2.06667 -0.0021993
2.06875 -0.0022223
2.07083 -0.0021868
2.07292 -0.0020700
2.075 -0.0018974
2.07708 -0.0016444
2.07917 -0.0013380
2.08125 -0.0009831
2.08333 -0.0005941
2.08542 -0.0001987
2.0875 0.0001973
2.08958 0.0005780
2.09167 0.0009515
2.09375 0.0012816
2.09583 0.0015624
2.09792 0.0017875
2.1 0.0019546
2.10208 0.0020622
2.10417 0.0020980
2.10625 0.0020824
2.10833 0.0019795
2.11042 0.0018133
2.1125 0.0015908
2.11458 0.0013303
2.11667 0.0010131
2.11875 0.0006603
2.12083 0.0002860
2.12292 -0.0000978
2.125 -0.0004751
2.12708 -0.0008504
2.12917 -0.0012110
2.13125 -0.0015197
2.13333 -0.0017885
2.13542 -0.0019970
2.1375 -0.0021580
2.13958 -0.0022262
2.14167 -0.0022272
2.14375 -0.0021573
2.14583 -0.0020356
2.14792 -0.0018324
2.15 -0.0015743
2.15208 -0.0012805
2.15417 -0.0009491
2.15625 -0.0005743
2.15833 -0.0001797
2.16042 0.0002361
2.1625 0.0006461
2.16458 0.0010451
2.16667 0.0014160
2.16875 0.0017644
2.17083 0.0020446
2.17292 0.0022608
2.175 0.0024069
2.17708 0.0024961
2.17917 0.0024809
2.18125 0.0023641
2.18333 0.0021805
2.18542 0.0019300
2.1875 0.0016027
2.18958 0.0012294
2.19167 0.0008141
2.19375 0.0003741
2.19583 -0.0000638
2.19792 -0.0004973
2.2 -0.0009484
2.20208 -0.0013601
2.20417 -0.0017262
2.20625 -0.0020350
2.20833 -0.0022889
2.21042 -0.0024234
2.2125 -0.0024953
2.21458 -0.0024815
2.21667 -0.0023968
2.21875 -0.0022144
2.22083 -0.0019459
2.22292 -0.0015938
2.225 -0.0011750
2.22708 -0.0007044
2.22917 -0.0001991
2.23125 0.0003195
2.23333 0.0008121
2.23542 0.0012722
2.2375 0.0016593
2.23958 0.0020155
2.24167 0.0022711
2.24375 0.0024358
2.24583 0.0025077
2.24792 0.0025011
2.25 0.0023796
2.25208 0.0021688
2.25417 0.0018846
2.25625 0.0015059
2.25833 0.0010644
2.26042 0.0005866
2.2625 0.0000808
2.26458 -0.0004386
2.26667 -0.0009360
2.26875 -0.0014019
2.27083 -0.0018272
2.27292 -0.0021735
2.275 -0.0024330
2.27708 -0.0026032
2.27917 -0.0027005
2.28125 -0.0026774
2.28333 -0.0025526
2.28542 -0.0023480
2.2875 -0.0020398
2.28958 -0.0016608
2.29167 -0.0012297
2.29375 -0.0007593
2.29583 -0.0002588
2.29792 0.0002361
2.3 0.0007092
2.30208 0.0011720
2.30417 0.0015845
2.30625 0.0019399
2.30833 0.0022238
2.31042 0.0024461
2.3125 0.0025556
2.31458 0.0025690
2.31667 0.0025075
2.31875 0.0023352
2.32083 0.0020770
2.32292 0.0017296
2.325 0.0013425
2.32708 0.0008980
2.32917 0.0004256
2.33125 -0.0000762
2.33333 -0.0005801
2.33542 -0.0010560
2.3375 -0.0014966
2.33958 -0.0018808
2.34167 -0.0022198
2.34375 -0.0024723
2.34583 -0.0026454
2.34792 -0.0027436
2.35 -0.0027108
2.35208 -0.0026104
2.35417 -0.0024244
2.35625 -0.0021700
2.35833 -0.0018235
2.36042 -0.0014111
2.3625 -0.0009466
2.36458 -0.0004468
2.36667 0.0000588
2.36875 0.0005745
2.37083 0.0010781
2.37292 0.0015581
2.375 0.0019731
2.37708 0.0023076
2.37917 0.0026075
2.38125 0.0028082
2.38333 0.0029181
2.38542 0.0029295
2.3875 0.0028594
2.38958 0.0026750
2.39167 0.0024066
2.39375 0.0020610
2.39583 0.0016562
2.39792 0.0011859
2.4 0.0006654
2.40208 0.0001105
2.40417 -0.0004608
2.40625 -0.0010017
2.40833 -0.0015270
2.41042 -0.0020283
2.4125 -0.0024503
2.41458 -0.0027971
2.41667 -0.0030582
2.41875 -0.0032484
2.42083 -0.0033140
2.42292 -0.0032734
2.425 -0.0031255
2.42708 -0.0028839
2.42917 -0.0025303
2.43125 -0.0020903
2.43333 -0.0015773
2.43542 -0.0010186
2.4375 -0.0004210
2.43958 0.0001892
2.44167 0.0008129
2.44375 0.0014028
2.44583 0.0019477
2.44792 0.0024251
2.45 0.0028409
2.45208 0.0031372
2.45417 0.0033214
2.45625 0.0033916
2.45833 0.0033587
2.46042 0.0031831
2.4625 0.0028791
2.46458 0.0024866
2.46667 0.0020042
2.46875 0.0014522
2.47083 0.0008342
2.47292 0.0001757
2.475 -0.0004834
2.47708 -0.0011255
2.47917 -0.0017245
2.48125 -0.0022794
2.48333 -0.0027300
2.48542 -0.0030793
2.4875 -0.0033151
2.48958 -0.0034300
2.49167 -0.0034175
2.49375 -0.0032786
2.49583 -0.0030214
2.49792 -0.0026663
2.5 -0.0022004
2.50208 -0.0016581
2.50417 -0.0010687
2.50625 -0.0004460
2.50833 0.0001844
2.51042 0.0007938
2.5125 0.0013805
2.51458 0.0018994
2.51667 0.0023462
2.51875 0.0026862
2.52083 0.0029604
2.52292 0.0031066
2.525 0.0031420
2.52708 0.0030594
2.52917 0.0028780
2.53125 0.0025720
2.53333 0.0021671
2.53542 0.0016927
2.5375 0.0011419
2.53958 0.0005421
2.54167 -0.0000793
2.54375 -0.0006958
2.54583 -0.0012633
2.54792 -0.0017930
2.55 -0.0022607
2.55208 -0.0026689
2.55417 -0.0029614
2.55625 -0.0031426
2.55833 -0.0032089
2.56042 -0.0031816
2.5625 -0.0030182
2.56458 -0.0027449
2.56667 -0.0023803
2.56875 -0.0019152
2.57083 -0.0013879
2.57292 -0.0008026
2.575 -0.0001926
2.57708 0.0004193
2.57917 0.0010203
2.58125 0.0015887
2.58333 0.0021161
2.58542 0.0025525
2.5875 0.0028922
2.58958 0.0031319
2.59167 0.0032857
2.59375 0.0033021
2.59583 0.0032002
2.59792 0.0030088
2.6 0.0026949
2.60208 0.0022762
2.60417 0.0017804
2.60625 0.0012278
2.60833 0.0006346
2.61042 0.0000159
2.6125 -0.0006085
2.61458 -0.0012275
2.61667 -0.0017925
2.61875 -0.0022974
2.62083 -0.0027273
2.62292 -0.0030915
2.625 -0.0033403
2.62708 -0.0034754
2.62917 -0.0035202
2.63125 -0.0034136
2.63333 -0.0032183
2.63542 -0.0029171
2.6375 -0.0025286
2.63958 -0.0020375
2.64167 -0.0014687
2.64375 -0.0008573
2.64583 -0.0002131
2.64792 0.0004410
2.65 0.0010800
2.65208 0.0016843
2.65417 0.0022520
2.65625 0.0027337
2.65833 0.0031064
2.66042 0.0034187
2.6625 0.0036011
2.66458 0.0036740
2.66667 0.0036281
2.66875 0.0034911
2.67083 0.0032210
2.67292 0.0028402
2.675 0.0023586
2.67708 0.0017833
2.67917 0.0011273
2.68125 0.0004265
2.68333 -0.0002917
2.68542 -0.0010263
2.6875 -0.0017047
2.68958 -0.0023422
2.69167 -0.0029231
2.69375 -0.0033906
2.69583 -0.0037446
2.69792 -0.0039733
2.7 -0.0040875
2.70208 -0.0040416
2.70417 -0.0038555
2.70625 -0.0035344
2.70833 -0.0030991
2.71042 -0.0025533
2.7125 -0.0019370
2.71458 -0.0012583
2.71667 -0.0005456
2.71875 0.0001697
2.72083 0.0008817
2.72292 0.0015781
2.725 0.0022060
2.72708 0.0027566
2.72917 0.0032072
2.73125 0.0035603
2.73333 0.0037574
2.73542 0.0038170
2.7375 0.0037289
2.73958 0.0035157
2.74167 0.0031571
2.74375 0.0026740
2.74583 0.0021065
2.74792 0.0014631
2.75 0.0007541
2.75208 0.0000148
2.75417 -0.0007251
2.75625 -0.0014275
2.75833 -0.0020713
2.76042 -0.0026338
2.7625 -0.0031213
2.76458 -0.0034800
2.76667 -0.0037169
2.76875 -0.0038204
2.77083 -0.0037874
2.77292 -0.0036175
2.775 -0.0033173
2.77708 -0.0028973
2.77917 -0.0023762
2.78125 -0.0017516
2.78333 -0.0010610
2.78542 -0.0003246
2.7875 0.0004531
2.78958 0.0012235
2.79167 0.0019472
2.79375 0.0026139
2.79583 0.0031657
2.79792 0.0035991
2.8 0.0038809
2.80208 0.0040635
2.80417 0.0040779
2.80625 0.0039360
2.80833 0.0036470
2.81042 0.0032469
2.8125 0.0027157
2.81458 0.0020811
2.81667 0.0013695
2.81875 0.0005948
2.82083 -0.0001979
2.82292 -0.0009829
2.825 -0.0017473
2.82708 -0.0024293
2.82917 -0.0030351
2.83125 -0.0035301
2.83333 -0.0039204
2.83542 -0.0041510
2.8375 -0.0042337
2.83958 -0.0041665
2.84167 -0.0039711
2.84375 -0.0036178
2.84583 -0.0031400
2.84792 -0.0025652
2.85 -0.0018944
2.85208 -0.0011625
2.85417 -0.0003737
2.85625 0.0004341
2.85833 0.0012036
2.86042 0.0019332
2.8625 0.0026037
2.86458 0.0032074
2.86667 0.0036934
2.86875 0.0040607
2.87083 0.0042935
2.87292 0.0044103
2.875 0.0043626
2.87708 0.0041691
2.87917 0.0038428
2.88125 0.0033631
2.88333 0.0027657
2.88542 0.0020780
2.8875 0.0013277
2.88958 0.0005400
2.89167 -0.0002621
2.89375 -0.0010632
2.89583 -0.0018566
2.89792 -0.0025829
2.9 -0.0032299
2.90208 -0.0037726
2.90417 -0.0042140
2.90625 -0.0044995
2.90833 -0.0046403
2.91042 -0.0046316
2.9125 -0.0044709
2.91458 -0.0041612
2.91667 -0.0037076
2.91875 -0.0031307
2.92083 -0.0024344
2.92292 -0.0016436
2.925 -0.0007757
2.92708 0.0001421
2.92917 0.0010601
2.93125 0.0019416
2.93333 0.0027570
2.93542 0.0034991
2.9375 0.0041060
2.93958 0.0045514
2.94167 0.0048838
2.94375 0.0050285
2.94583 0.0049993
2.94792 0.0047978
2.95 0.0044408
2.95208 0.0039096
2.95417 0.0032448
2.95625 0.0024887
2.95833 0.0016482
2.96042 0.0007555
2.9625 -0.0001668
2.96458 -0.0010869
2.96667 -0.0019725
2.96875 -0.0027920
2.97083 -0.0035163
2.97292 -0.0041418
2.975 -0.0046013
2.97708 -0.0048953
2.97917 -0.0050069
2.98125 -0.0049532
2.98333 -0.0047038
2.98542 -0.0042873
2.9875 -0.0037207
2.98958 -0.0030327
2.99167 -0.0022224
2.99375 -0.0013148
2.99583 -0.0003642
2.99792 0.0006080
3 0.0015528
3.00208 0.0024440
3.00417 0.0032648
3.00625 0.0039497
3.00833 0.0044901
3.01042 0.0048690
3.0125 0.0050906
3.01458 0.0051062
3.01667 0.0049404
3.01875 0.0045977
3.02083 0.0040901
3.02292 0.0034301
3.025 0.0026265
3.02708 0.0017233
3.02917 0.0007514
3.03125 -0.0002542
3.03333 -0.0012452
3.03542 -0.0021999
3.0375 -0.0030594
3.03958 -0.0038085
3.04167 -0.0044181
3.04375 -0.0048659
3.04583 -0.0051388
3.04792 -0.0052194
3.05 -0.0051088
3.05208 -0.0048279
3.05417 -0.0043563
3.05625 -0.0037315
3.05833 -0.0029762
3.06042 -0.0021180
3.0625 -0.0011865
3.06458 -0.0002206
3.06667 0.0007544
3.06875 0.0016830
3.07083 0.0025583
3.07292 0.0033400
3.075 0.0040194
3.07708 0.0045351
3.07917 0.0048815
3.08125 0.0050465
3.08333 0.0050459
3.08542 0.0048443
3.0875 0.0044716
3.08958 0.0039427
3.09167 0.0032759
3.09375 0.0025009
3.09583 0.0016402
3.09792 0.0007158
3.1 -0.0002299
3.10208 -0.0011638
3.10417 -0.0020544
3.10625 -0.0028909
3.10833 -0.0036130
3.11042 -0.0042089
3.1125 -0.0046586
3.11458 -0.0049480
3.11667 -0.0050785
3.11875 -0.0050408
3.12083 -0.0048305
3.12292 -0.0044730
3.125 -0.0039495
3.12708 -0.0032951
3.12917 -0.0025477
3.13125 -0.0017311
3.13333 -0.0008515
3.13542 0.0000472
3.1375 0.0009452
3.13958 0.0017852
3.14167 0.0025724
3.14375 0.0032751
3.14583 0.0038849
3.14792 0.0043457
3.15 0.0046704
3.15208 0.0048451
3.15417 0.0048752
3.15625 0.0047208
3.15833 0.0044088
3.16042 0.0039546
3.1625 0.0033446
3.16458 0.0026310
3.16667 0.0018376
3.16875 0.0009814
3.17083 0.0000854
3.17292 -0.0008088
3.175 -0.0016731
3.17708 -0.0024951
3.17917 -0.0032157
3.18125 -0.0038363
3.18333 -0.0043344
3.18542 -0.0047115
3.1875 -0.0048918
3.18958 -0.0049312
3.19167 -0.0048238
3.19375 -0.0045363
3.19583 -0.0040953
3.19792 -0.0035127
3.2 -0.0027780
3.20208 -0.0019244
3.20417 -0.0009920
3.20625 -0.0000104
3.20833 0.0009915
3.21042 0.0019405
3.2125 0.0028400
3.21458 0.0036446
3.21667 0.0043457
3.21875 0.0048761
3.22083 0.0052371
3.22292 0.0054330
3.225 0.0054075
3.22708 0.0051816
3.22917 0.0047617
3.23125 0.0041747
3.23333 0.0034307
3.23542 0.0025644
3.2375 0.0016155
3.23958 0.0006076
3.24167 -0.0004278
3.24375 -0.0014576
3.24583 -0.0024355
3.24792 -0.0033471
3.25 -0.0041189
3.25208 -0.0047423
3.25417 -0.0052192
3.25625 -0.0054888
3.25833 -0.0055394
3.26042 -0.0054055
3.2625 -0.0050863
3.26458 -0.0045624
3.26667 -0.0038724
3.26875 -0.0030500
3.27083 -0.0021371
3.27292 -0.0011411
3.275 -0.0001117
3.27708 0.0009050
3.27917 0.0018955
3.28125 0.0027866
3.28333 0.0035904
3.28542 0.0042831
3.2875 0.0047990
3.28958 0.0051356
3.29167 0.0052830
3.29375 0.0052566
3.29583 0.0050157
3.29792 0.0045884
3.3 0.0039933
3.30208 0.0032630
3.30417 0.0024007
3.30625 0.0014563
3.30833 0.0004521
3.31042 -0.0005744
3.3125 -0.0015708
3.31458 -0.0025078
3.31667 -0.0033721
3.31875 -0.0040982
3.32083 -0.0046824
3.32292 -0.0050866
3.325 -0.0053282
3.32708 -0.0053606
3.32917 -0.0051798
3.33125 -0.0048275
3.33333 -0.0043187
3.33542 -0.0036429
3.3375 -0.0028388
3.33958 -0.0019271
3.34167 -0.0009439
3.34375 0.0000581
3.34583 0.0010619
3.34792 0.0020476
3.35 0.0029495
3.35208 0.0037437
3.35417 0.0043862
3.35625 0.0049146
3.35833 0.0052531
3.36042 0.0054057
3.3625 0.0053682
3.36458 0.0051620
3.36667 0.0047611
3.36875 0.0042007
3.37083 0.0034962
3.37292 0.0026765
3.375 0.0017623
3.37708 0.0007758
3.37917 -0.0002492
3.38125 -0.0012649
3.38333 -0.0022384
3.38542 -0.0031341
3.3875 -0.0039385
3.38958 -0.0046058
3.39167 -0.0051230
3.39375 -0.0054691
3.39583 -0.0056441
3.39792 -0.0056098
3.4 -0.0053865
3.40208 -0.0049647
3.40417 -0.0043996
3.40625 -0.0036666
3.40833 -0.0028050
3.41042 -0.0018467
3.4125 -0.0008291
3.41458 0.0002246
3.41667 0.0012688
3.41875 0.0022916
3.42083 0.0032355
3.42292 0.0040713
3.425 0.0047505
3.42708 0.0053111
3.42917 0.0056738
3.43125 0.0058470
3.43333 0.0058208
3.43542 0.0056095
3.4375 0.0051822
3.43958 0.0045721
3.44167 0.0038077
3.44375 0.0028873
3.44583 0.0018711
3.44792 0.0007738
3.45 -0.0003536
3.45208 -0.0014747
3.45417 -0.0025568
3.45625 -0.0035640
3.45833 -0.0044699
3.46042 -0.0052041
3.4625 -0.0057664
3.46458 -0.0061352
3.46667 -0.0063195
3.46875 -0.0062648
3.47083 -0.0059914
3.47292 -0.0055083
3.475 -0.0048322
3.47708 -0.0039842
3.47917 -0.0029970
3.48125 -0.0019133
3.48333 -0.0007643
3.48542 0.0004108
3.4875 0.0015690
3.48958 0.0026848
3.49167 0.0036902
3.49375 0.0045598
3.49583 0.0052386
3.49792 0.0057615
3.5 0.0060552
3.50208 0.0061252
3.50417 0.0059886
3.50625 0.0056204
3.50833 0.0050563
3.51042 0.0043064
3.5125 0.0034137
3.51458 0.0023898
3.51667 0.0012690
3.51875 0.0000968
3.52083 -0.0010663
3.52292 -0.0021801
3.525 -0.0032090
3.52708 -0.0041180
3.52917 -0.0048959
3.53125 -0.0054740
3.53333 -0.0058493
3.53542 -0.0060308
3.5375 -0.0059722
3.53958 -0.0056994
3.54167 -0.0052174
3.54375 -0.0045433
3.54583 -0.0037043
3.54792 -0.0027356
3.55 -0.0016707
3.55208 -0.0005491
3.55417 0.0005884
3.55625 0.0017082
3.55833 0.0027684
3.56042 0.0037435
3.5625 0.0045662
3.56458 0.0052209
3.56667 0.0057130
3.56875 0.0059502
3.57083 0.0059926
3.57292 0.0058224
3.575 0.0054559
3.57708 0.0048712
3.57917 0.0041134
3.58125 0.0032033
3.58333 0.0021732
3.58542 0.0010634
3.5875 -0.0000837
3.58958 -0.0012263
3.59167 -0.0023414
3.59375 -0.0033778
3.59583 -0.0042942
3.59792 -0.0050786
3.6 -0.0056676
3.60208 -0.0060526
3.60417 -0.0062258
3.60625 -0.0062005
3.60833 -0.0059398
3.61042 -0.0054776
3.6125 -0.0048269
3.61458 -0.0040261
3.61667 -0.0030731
3.61875 -0.0020163
3.62083 -0.0008923
3.62292 0.0002645
3.625 0.0014106
3.62708 0.0025086
3.62917 0.0035384
3.63125 0.0044362
3.63333 0.0051825
3.63542 0.0057502
3.6375 0.0061418
3.63958 0.0062795
3.64167 0.0062217
3.64375 0.0059427
3.64583 0.0054819
3.64792 0.0048264
3.65 0.0040181
3.65208 0.0030818
3.65417 0.0020367
3.65625 0.0009043
3.65833 -0.0002638
3.66042 -0.0014282
3.6625 -0.0025317
3.66458 -0.0035628
3.66667 -0.0044734
3.66875 -0.0052522
3.67083 -0.0058384
3.67292 -0.0062276
3.675 -0.0064022
3.67708 -0.0063801
3.67917 -0.0061219
3.68125 -0.0056567
3.68333 -0.0049985
3.68542 -0.0041716
3.6875 -0.0031906
3.68958 -0.0021286
3.69167 -0.0009918
3.69375 0.0001758
3.69583 0.0013348
3.69792 0.0024477
3.7 0.0034963
3.70208 0.0044155
3.70417 0.0051919
3.70625 0.0057977
3.70833 0.0062269
3.71042 0.0064028
3.7125 0.0063926
3.71458 0.0061544
3.71667 0.0057109
3.71875 0.0050431
3.72083 0.0041977
3.72292 0.0032064
3.725 0.0020921
3.72708 0.0008947
3.72917 -0.0003388
3.73125 -0.0015671
3.73333 -0.0027323
3.73542 -0.0037898
3.7375 -0.0047333
3.73958 -0.0055262
3.74167 -0.0061026
3.74375 -0.0064603
3.74583 -0.0065877
3.74792 -0.0064982
3.75 -0.0061611
3.75208 -0.0056088
3.75417 -0.0048722
3.75625 -0.0039559
3.75833 -0.0028974
3.76042 -0.0017400
3.7625 -0.0005249
3.76458 0.0007149
3.76667 0.0019382
3.76875 0.0030958
3.77083 0.0041601
3.77292 0.0050552
3.775 0.0057609
3.77708 0.0062533
3.77917 0.0065386
3.78125 0.0065605
3.78333 0.0063171
3.78542 0.0058792
3.7875 0.0052062
3.78958 0.0043395
3.79167 0.0033133
3.79375 0.0021675
3.79583 0.0009305
3.79792 -0.0003399
3.8 -0.0015948
3.80208 -0.0028072
3.80417 -0.0039057
3.80625 -0.0048489
3.80833 -0.0056345
3.81042 -0.0062378
3.8125 -0.0065942
3.81458 -0.0067095
3.81667 -0.0065989
3.81875 -0.0062283
3.82083 -0.0056286
3.82292 -0.0048198
3.825 -0.0038439
3.82708 -0.0027243
3.82917 -0.0015125
3.83125 -0.0002357
3.83333 0.0010716
3.83542 0.0023231
3.8375 0.0034885
3.83958 0.0045329
3.84167 0.0054389
3.84375 0.0061357
3.84583 0.0066098
3.84792 0.0068676
3.85 0.0068568
3.85208 0.0066075
3.85417 0.0061076
3.85625 0.0054287
3.85833 0.0045488
3.86042 0.0035120
3.8625 0.0023416
3.86458 0.0010877
3.86667 -0.0001963
3.86875 -0.0014729
3.87083 -0.0027018
3.87292 -0.0038544
3.875 -0.0048615
3.87708 -0.0056834
3.87917 -0.0063479
3.88125 -0.0067717
3.88333 -0.0069609
3.88542 -0.0069121
3.8875 -0.0066428
3.88958 -0.0061259
3.89167 -0.0053976
3.89375 -0.0044854
3.89583 -0.0034252
3.89792 -0.0022360
3.9 -0.0009585
3.90208 0.0003605
3.90417 0.0016850
3.90625 0.0029569
3.90833 0.0041291
3.91042 0.0051777
3.9125 0.0060352
3.91458 0.0066886
3.91667 0.0071134
3.91875 0.0073160
3.92083 0.0072488
3.92292 0.0069349
3.925 0.0063683
3.92708 0.0056080
3.92917 0.0046342
3.93125 0.0035020
3.93333 0.0022756
3.93542 0.0009782
3.9375 -0.0003440
3.93958 -0.0016504
3.94167 -0.0029128
3.94375 -0.0040760
3.94583 -0.0051100
3.94792 -0.0059749
3.95 -0.0066401
3.95208 -0.0070824
3.95417 -0.0072846
3.95625 -0.0072367
3.95833 -0.0069558
3.96042 -0.0064161
3.9625 -0.0056527
3.96458 -0.0046920
3.96667 -0.0035777
3.96875 -0.0023247
3.97083 -0.0009692
3.97292 0.0004236
3.975 0.0017951
3.97708 0.0031019
3.97917 0.0043004
3.98125 0.0053706
3.98333 0.0062362
3.98542 0.0068838
3.9875 0.0072880
3.98958 0.0074521
3.99167 0.0073295
3.99375 0.0069441
3.99583 0.0063106
3.99792 0.0054541
4 0.0044042
4.00208 0.0031782
4.00417 0.0018294
4.00625 0.0004116
4.00833 -0.0010317
4.01042 -0.0024477
4.0125 -0.0037899
4.01458 -0.0049801
4.01667 -0.0059903
4.01875 -0.0067558
4.02083 -0.0073112
4.02292 -0.0075777
4.025 -0.0075588
4.02708 -0.0072626
4.02917 -0.0067197
4.03125 -0.0059154
4.03333 -0.0048995
4.03542 -0.0037158
4.0375 -0.0023885
4.03958 -0.0009733
4.04167 0.0004710
4.04375 0.0019012
4.04583 0.0032533
4.04792 0.0044872
4.05 0.0055610
4.05208 0.0064526
4.05417 0.0070932
4.05625 0.0074698
4.05833 0.0075747
4.06042 0.0074193
4.0625 0.0069567
4.06458 0.0062615
4.06667 0.0053500
4.06875 0.0042303
4.07083 0.0029710
4.07292 0.0016079
4.075 0.0001784
4.07708 -0.0012563
4.07917 -0.0026317
4.08125 -0.0039075
4.08333 -0.0050376
4.08542 -0.0059866
4.0875 -0.0067224
4.08958 -0.0072189
4.09167 -0.0074707
4.09375 -0.0074416
4.09583 -0.0071468
4.09792 -0.0066161
4.1 -0.0058348
4.10208 -0.0048499
4.10417 -0.0036854
4.10625 -0.0024106
4.10833 -0.0010739
4.11042 0.0002974
4.1125 0.0016455
4.11458 0.0029417
4.11667 0.0041233
4.11875 0.0051562
4.12083 0.0060010
4.12292 0.0066549
4.125 0.0070616
4.12708 0.0072016
4.12917 0.0071362
4.13125 0.0067990
4.13333 0.0062244
4.13542 0.0054319
4.1375 0.0044625
4.13958 0.0033185
4.14167 0.0020527
4.14375 0.0007229
4.14583 -0.0006305
4.14792 -0.0019630
4.15 -0.0032450
4.15208 -0.0044219
4.15417 -0.0054565
4.15625 -0.0062877
4.15833 -0.0069019
4.16042 -0.0072994
4.1625 -0.0074299
4.16458 -0.0073090
4.16667 -0.0069417
4.16875 -0.0063394
4.17083 -0.0055224
4.17292 -0.0045203
4.175 -0.0033723
4.17708 -0.0020874
4.17917 -0.0007083
4.18125 0.0007033
4.18333 0.0021071
4.18542 0.0034658
4.1875 0.0047019
4.18958 0.0057793
4.19167 0.0066602
4.19375 0.0073160
4.19583 0.0077219
4.19792 0.0078648
4.2 0.0077589
4.20208 0.0073670
4.20417 0.0067246
4.20625 0.0058503
4.20833 0.0047790
4.21042 0.0035323
4.2125 0.0021684
4.21458 0.0007372
4.21667 -0.0007195
4.21875 -0.0021449
4.22083 -0.0034996
4.22292 -0.0047471
4.225 -0.0058137
4.22708 -0.0066812
4.22917 -0.0073221
4.23125 -0.0077227
4.23333 -0.0078086
4.23542 -0.0076394
4.2375 -0.0071994
4.23958 -0.0065192
4.24167 -0.0055906
4.24375 -0.0044552
4.24583 -0.0031594
4.24792 -0.0017650
4.25 -0.0002988
4.25208 0.0011818
4.25417 0.0026099
4.25625 0.0039359
4.25833 0.0051187
4.26042 0.0061167
4.2625 0.0069116
4.26458 0.0074340
4.26667 0.0076834
4.26875 0.0076512
4.27083 0.0073561
4.27292 0.0067721
4.275 0.0059427
4.27708 0.0048889
4.27917 0.0036773
4.28125 0.0023162
4.28333 0.0008746
4.28542 -0.0006107
4.2875 -0.0020790
4.28958 -0.0034673
4.29167 -0.0047325
4.29375 -0.0058423
4.29583 -0.0067255
4.29792 -0.0073428
4.3 -0.0077123
4.30208 -0.0078273
4.30417 -0.0076379
4.30625 -0.0071704
4.30833 -0.0064469
4.31042 -0.0055074
4.3125 -0.0043609
4.31458 -0.0030629
4.31667 -0.0016492
4.31875 -0.0001719
4.32083 0.0012911
4.32292 0.0027019
4.325 0.0040352
4.32708 0.0052169
4.32917 0.0062115
4.33125 0.0069816
4.33333 0.0075206
4.33542 0.0077653
4.3375 0.0077261
4.33958 0.0074065
4.34167 0.0068211
4.34375 0.0059922
4.34583 0.0049485
4.34792 0.0037302
4.35 0.0023696
4.35208 0.0009317
4.35417 -0.0005537
4.35625 -0.0020267
4.35833 -0.0034246
4.36042 -0.0047039
4.3625 -0.0058100
4.36458 -0.0067463
4.36667 -0.0074204
4.36875 -0.0078363
4.37083 -0.0079725
4.37292 -0.0078539
4.375 -0.0074449
4.37708 -0.0067766
4.37917 -0.0058818
4.38125 -0.0047616
4.38333 -0.0034630
4.38542 -0.0020496
4.3875 -0.0005645
4.38958 0.0009322
4.39167 0.0024069
4.39375 0.0038002
4.39583 0.0050785
4.39792 0.0061739
4.4 0.0070584
4.40208 0.0077024
4.40417 0.0081031
4.40625 0.0081854
4.40833 0.0080094
4.41042 0.0075797
4.4125 0.0068698
4.41458 0.0059247
4.41667 0.0047785
4.41875 0.0034781
4.42083 0.0020373
4.42292 0.0005242
4.425 -0.0010203
4.42708 -0.0025321
4.42917 -0.0039658
4.43125 -0.0052683
4.43333 -0.0063871
4.43542 -0.0073054
4.4375 -0.0079593
4.43958 -0.0083413
4.44167 -0.0084594
4.44375 -0.0082622
4.44583 -0.0077803
4.44792 -0.0070196
4.45 -0.0060512
4.45208 -0.0048621
4.45417 -0.0035044
4.45625 -0.0020257
4.45833 -0.0004823
4.46042 0.0010791
4.4625 0.0026061
4.46458 0.0040489
4.46667 0.0053667
4.46875 0.0064820
4.47083 0.0073484
4.47292 0.0079906
4.475 0.0083327
4.47708 0.0083790
4.47917 0.0081256
4.48125 0.0076017
4.48333 0.0067921
4.48542 0.0057401
4.4875 0.0044851
4.48958 0.0030821
4.49167 0.0015681
4.49375 -0.0000112
4.49583 -0.0015973
4.49792 -0.0031315
4.5 -0.0045453
4.50208 -0.0057969
4.50417 -0.0068601
4.50625 -0.0076582
4.50833 -0.0081762
4.51042 -0.0083947
4.5125 -0.0083105
4.51458 -0.0079230
4.51667 -0.0072448
4.51875 -0.0063047
4.52083 -0.0051503
4.52292 -0.0037978
4.525 -0.0023147
4.52708 -0.0007597
4.52917 0.0008198
4.53125 0.0023643
4.53333 0.0038055
4.53542 0.0051281
4.5375 0.0062572
4.53958 0.0071606
4.54167 0.0078106
4.54375 0.0081950
4.54583 0.0082616
4.54792 0.0080298
4.55 0.0075043
4.55208 0.0067191
4.55417 0.0056804
4.55625 0.0044314
4.55833 0.0030399
4.56042 0.0015312
4.5625 -0.0000421
4.56458 -0.0016142
4.56667 -0.0031300
4.56875 -0.0045329
4.57083 -0.0057763
4.57292 -0.0068117
4.575 -0.0076223
4.57708 -0.0081199
4.57917 -0.0083367
4.58125 -0.0082507
4.58333 -0.0078844
4.58542 -0.0072178
4.5875 -0.0062916
4.58958 -0.0051373
4.59167 -0.0038098
4.59375 -0.0023458
4.59583 -0.0007894
4.59792 0.0007935
4.6 0.0023427
4.60208 0.0038106
4.60417 0.0051461
4.60625 0.0063165
4.60833 0.0072536
4.61042 0.0079319
4.6125 0.0083287
4.61458 0.0084540
4.61667 0.0082612
4.61875 0.0077734
4.62083 0.0069954
4.62292 0.0059986
4.625 0.0047667
4.62708 0.0033694
4.62917 0.0018757
4.63125 0.0003159
4.63333 -0.0012627
4.63542 -0.0028012
4.6375 -0.0042394
4.63958 -0.0055172
4.64167 -0.0065918
4.64375 -0.0074553
4.64583 -0.0080810
4.64792 -0.0084079
4.65 -0.0084409
4.65208 -0.0081881
4.65417 -0.0076746
4.65625 -0.0068755
4.65833 -0.0058411
4.66042 -0.0046187
4.6625 -0.0032105
4.66458 -0.0016986
4.66667 -0.0001450
4.66875 0.0014154
4.67083 0.0029299
4.67292 0.0043422
4.675 0.0056022
4.67708 0.0066879
4.67917 0.0075325
4.68125 0.0081214
4.68333 0.0084349
4.68542 0.0084591
4.6875 0.0081975
4.68958 0.0076579
4.69167 0.0068615
4.69375 0.0058176
4.69583 0.0045767
4.69792 0.0031692
4.7 0.0016447
4.70208 0.0000479
4.70417 -0.0015578
4.70625 -0.0031060
4.70833 -0.0045763
4.71042 -0.0058797
4.7125 -0.0069755
4.71458 -0.0078259
4.71667 -0.0084238
4.71875 -0.0087101
4.72083 -0.0086919
4.72292 -0.0083886
4.725 -0.0077706
4.72708 -0.0068666
4.72917 -0.0057423
4.73125 -0.0044330
4.73333 -0.0029674
4.73542 -0.0014085
4.7375 0.0001998
4.73958 0.0017896
4.74167 0.0033011
4.74375 0.0047058
4.74583 0.0059485
4.74792 0.0070013
4.75 0.0077727
4.75208 0.0082873
4.75417 0.0085265
4.75625 0.0084412
4.75833 0.0080502
4.76042 0.0073698
4.7625 0.0064346
4.76458 0.0052500
4.76667 0.0038770
4.76875 0.0023658
4.77083 0.0007700
4.77292 -0.0008633
4.775 -0.0024700
4.77708 -0.0039873
4.77917 -0.0053775
4.78125 -0.0065648
4.78333 -0.0075171
4.78542 -0.0082208
4.7875 -0.0086085
4.78958 -0.0086845
4.79167 -0.0084251
4.79375 -0.0079004
4.79583 -0.0070705
4.79792 -0.0059839
4.8 -0.0046766
4.80208 -0.0032034
4.80417 -0.0016001
4.80625 0.0000613
4.80833 0.0017331
4.81042 0.0033832
4.8125 0.0048990
4.81458 0.0062412
4.81667 0.0073716
4.81875 0.0082227
4.82083 0.0087779
4.82292 0.0090167
4.825 0.0089545
4.82708 0.0085490
4.82917 0.0078384
4.83125 0.0068395
4.83333 0.0056049
4.83542 0.0041416
4.8375 0.0025426
4.83958 0.0008443
4.84167 -0.0008921
4.84375 -0.0025912
4.84583 -0.0041992
4.84792 -0.0056685
4.85 -0.0069278
4.85208 -0.0079416
4.85417 -0.0086708
4.85625 -0.0090882
4.85833 -0.0091751
4.86042 -0.0089291
4.8625 -0.0083614
4.86458 -0.0075132
4.86667 -0.0063809
4.86875 -0.0050283
4.87083 -0.0035074
4.87292 -0.0018720
4.875 -0.0001650
4.87708 0.0015580
4.87917 0.0032381
4.88125 0.0047876
4.88333 0.0061748
4.88542 0.0073511
4.8875 0.0082934
4.88958 0.0089344
4.89167 0.0092681
4.89375 0.0092757
4.89583 0.0089768
4.89792 0.0083483
4.9 0.0074163
4.90208 0.0062453
4.90417 0.0048786
4.90625 0.0033289
4.90833 0.0016624
4.91042 -0.0000400
4.9125 -0.0017299
4.91458 -0.0033475
4.91667 -0.0048383
4.91875 -0.0061734
4.92083 -0.0072756
4.92292 -0.0081453
4.925 -0.0087354
4.92708 -0.0090490
4.92917 -0.0090343
4.93125 -0.0087065
4.93333 -0.0080792
4.93542 -0.0071888
4.9375 -0.0060316
4.93958 -0.0046655
4.94167 -0.0031367
4.94375 -0.0015029
4.94583 0.0001898
4.94792 0.0018966
4.95 0.0035523
4.95208 0.0050780
4.95417 0.0064251
4.95625 0.0075475
4.95833 0.0084257
4.96042 0.0089932
4.9625 0.0092446
4.96458 0.0091522
4.96667 0.0087851
4.96875 0.0080899
4.97083 0.0071103
4.97292 0.0058899
4.975 0.0044432
4.97708 0.0028408
4.97917 0.0011397
4.98125 -0.0006060
4.98333 -0.0023300
4.98542 -0.0039724
4.9875 -0.0054954
4.98958 -0.0068463
4.99167 -0.0079407
4.99375 -0.0087543
4.99583 -0.0092574
4.99792 -0.0094506
