0.00208333 -0.0000154
0.00416667 -0.0000849
0.00625 -0.0001462
0.00833333 -0.0001903
0.0104167 -0.0002231
0.0125 -0.0002448
0.0145833 -0.0002495
0.0166667 -0.0002347
0.01875 -0.0002043
0.0208333 -0.0001662
0.0229167 -0.0001228
0.025 -0.0000643
0.0270833 0.0000006
0.0291667 0.0000791
0.03125 0.0001579
0.0333333 0.0002266
0.0354167 0.0002899
0.0375 0.0003581
0.0395833 0.0004209
0.0416667 0.0004791
0.04375 0.0005239
0.0458333 0.0005466
0.0479167 0.0005744
0.05 0.0005866
0.0520833 0.0005814
0.0541667 0.0005648
0.05625 0.0005363
0.0583333 0.0004910
0.0604167 0.0004390
0.0625 0.0003922
0.0645833 0.0003322
0.0666667 0.0002698
0.06875 0.0002077
0.0708333 0.0001466
0.0729167 0.0000868
0.075 0.0000362
0.0770833 -0.0000032
0.0791667 -0.0000267
0.08125 -0.0000548
0.0833333 -0.0000630
0.0854167 -0.0000629
0.0875 -0.0000565
0.0895833 -0.0000388
0.0916667 -0.0000150
0.09375 0.0000038
0.0958333 0.0000198
0.0979167 0.0000517
0.1 0.0000811
0.102083 0.0001249
0.104167 0.0001719
0.10625 0.0002216
0.108333 0.0002584
0.110417 0.0002972
0.1125 0.0003307
0.114583 0.0003611
0.116667 0.0003692
0.11875 0.0003733
0.120833 0.0003617
0.122917 0.0003380
0.125 0.0003024
0.127083 0.0002633
0.129167 0.0002287
0.13125 0.0001624
0.133333 0.0000942
0.135417 0.0000422
0.1375 -0.0000017
0.139583 -0.0000367
0.141667 -0.0000643
0.14375 -0.0000833
0.145833 -0.0000979
0.147917 -0.0001029
0.15 -0.0001193
0.152083 -0.0001324
0.154167 -0.0001401
0.15625 -0.0001556
0.158333 -0.0001714
0.160417 -0.0001901
0.1625 -0.0002012
0.164583 -0.0002032
0.166667 -0.0001894
0.16875 -0.0001660
0.170833 -0.0001468
0.172917 -0.0001387
0.175 -0.0001294
0.177083 -0.0001045
0.179167 -0.0000720
0.18125 -0.0000328
0.183333 0.0000174
0.185417 0.0000548
0.1875 0.0000884
0.189583 0.0001167
0.191667 0.0001364
0.19375 0.0001493
0.195833 0.0001572
0.197917 0.0001487
0.2 0.0001314
0.202083 0.0001279
0.204167 0.0001352
0.20625 0.0001352
0.208333 0.0001214
0.210417 0.0001020
0.2125 0.0000841
0.214583 0.0000666
0.216667 0.0000508
0.21875 0.0000372
0.220833 0.0000204
0.222917 0.0000049
0.225 -0.0000088
0.227083 -0.0000191
0.229167 -0.0000244
0.23125 -0.0000248
0.233333 -0.0000316
0.235417 -0.0000446
0.2375 -0.0000545
0.239583 -0.0000556
0.241667 -0.0000414
0.24375 -0.0000138
0.245833 0.0000210
0.247917 0.0000518
0.25 0.0000893
0.252083 0.0001361
0.254167 0.0001896
0.25625 0.0002522
0.258333 0.0003149
0.260417 0.0003705
0.2625 0.0004148
0.264583 0.0004494
0.266667 0.0004801
0.26875 0.0005081
0.270833 0.0005216
0.272917 0.0005274
0.275 0.0005038
0.277083 0.0004699
0.279167 0.0004369
0.28125 0.0004014
0.283333 0.0003654
0.285417 0.0003313
0.2875 0.0002998
0.289583 0.0002684
0.291667 0.0002314
0.29375 0.0001965
0.295833 0.0001617
0.297917 0.0001282
0.3 0.0000966
0.302083 0.0000687
0.304167 0.0000500
0.30625 0.0000340
0.308333 0.0000294
0.310417 0.0000216
0.3125 0.0000176
0.314583 0.0000210
0.316667 0.0000367
0.31875 0.0000552
0.320833 0.0000854
0.322917 0.0001256
0.325 0.0001646
0.327083 0.0002050
0.329167 0.0002484
0.33125 0.0002906
0.333333 0.0003256
0.335417 0.0003503
0.3375 0.0003642
0.339583 0.0003709
0.341667 0.0003783
0.34375 0.0003789
0.345833 0.0003887
0.347917 0.0003884
0.35 0.0003766
0.352083 0.0003576
0.354167 0.0003362
0.35625 0.0003078
0.358333 0.0002807
0.360417 0.0002512
0.3625 0.0002157
0.364583 0.0001725
0.366667 0.0001240
0.36875 0.0000776
0.370833 0.0000339
0.372917 -0.0000049
0.375 -0.0000504
0.377083 -0.0000846
0.379167 -0.0001107
0.38125 -0.0001311
0.383333 -0.0001465
0.385417 -0.0001528
0.3875 -0.0001507
0.389583 -0.0001392
0.391667 -0.0001242
0.39375 -0.0001106
0.395833 -0.0001057
0.397917 -0.0001011
0.4 -0.0000966
0.402083 -0.0000907
0.404167 -0.0000833
0.40625 -0.0000704
0.408333 -0.0000536
0.410417 -0.0000286
0.4125 -0.0000004
0.414583 0.0000277
0.416667 0.0000478
0.41875 0.0000683
0.420833 0.0000856
0.422917 0.0000993
0.425 0.0001027
0.427083 0.0000975
0.429167 0.0000838
0.43125 0.0000598
0.433333 0.0000285
0.435417 -0.0000054
0.4375 -0.0000470
0.439583 -0.0000930
0.441667 -0.0001400
0.44375 -0.0001815
0.445833 -0.0002126
0.447917 -0.0002383
0.45 -0.0002564
0.452083 -0.0002733
0.454167 -0.0002869
0.45625 -0.0002948
0.458333 -0.0002990
0.460417 -0.0002974
0.4625 -0.0002798
0.464583 -0.0002569
0.466667 -0.0002196
0.46875 -0.0001735
0.470833 -0.0001255
0.472917 -0.0000749
0.475 -0.0000245
0.477083 0.0000267
0.479167 0.0000813
0.48125 0.0001345
0.483333 0.0001855
0.485417 0.0002266
0.4875 0.0002532
0.489583 0.0002721
0.491667 0.0002865
0.49375 0.0002911
0.495833 0.0002871
0.497917 0.0002776
0.5 0.0002673
0.502083 0.0002527
0.504167 0.0002334
0.50625 0.0002086
0.508333 0.0001822
0.510417 0.0001499
0.5125 0.0001121
0.514583 0.0000587
0.516667 0.0000043
0.51875 -0.0000549
0.520833 -0.0001076
0.522917 -0.0001528
0.525 -0.0001839
0.527083 -0.0001972
0.529167 -0.0001900
0.53125 -0.0001680
0.533333 -0.0001364
0.535417 -0.0001024
0.5375 -0.0000566
0.539583 -0.0000016
0.541667 0.0000574
0.54375 0.0001115
0.545833 0.0001640
0.547917 0.0002149
0.55 0.0002445
0.552083 0.0002742
0.554167 0.0002991
0.55625 0.0003264
0.558333 0.0003527
0.560417 0.0003728
0.5625 0.0003900
0.564583 0.0003926
0.566667 0.0004006
0.56875 0.0004007
0.570833 0.0003807
0.572917 0.0003506
0.575 0.0003173
0.577083 0.0002671
0.579167 0.0002141
0.58125 0.0001416
0.583333 0.0000715
0.585417 0.0000005
0.5875 -0.0000762
0.589583 -0.0001338
0.591667 -0.0001879
0.59375 -0.0002373
0.595833 -0.0002740
0.597917 -0.0002982
0.6 -0.0003110
0.602083 -0.0003022
0.604167 -0.0003014
0.60625 -0.0002764
0.608333 -0.0002351
0.610417 -0.0001925
0.6125 -0.0001434
0.614583 -0.0000920
0.616667 -0.0000509
0.61875 -0.0000089
0.620833 0.0000468
0.622917 0.0001030
0.625 0.0001544
0.627083 0.0001962
0.629167 0.0002325
0.63125 0.0002586
0.633333 0.0002755
0.635417 0.0002794
0.6375 0.0002761
0.639583 0.0002516
0.641667 0.0002262
0.64375 0.0001919
0.645833 0.0001374
0.647917 0.0000776
0.65 0.0000011
0.652083 -0.0000975
0.654167 -0.0002176
0.65625 -0.0003387
0.658333 -0.0004469
0.660417 -0.0005447
0.6625 -0.0006196
0.664583 -0.0006814
0.666667 -0.0007244
0.66875 -0.0007533
0.670833 -0.0007596
0.672917 -0.0007439
0.675 -0.0007184
0.677083 -0.0006757
0.679167 -0.0006219
0.68125 -0.0005570
0.683333 -0.0004863
0.685417 -0.0004050
0.6875 -0.0003064
0.689583 -0.0001991
0.691667 -0.0000951
0.69375 -0.0000062
0.695833 0.0000727
0.697917 0.0001484
0.7 0.0002139
0.702083 0.0002666
0.704167 0.0003051
0.70625 0.0003298
0.708333 0.0003391
0.710417 0.0003227
0.7125 0.0002906
0.714583 0.0002350
0.716667 0.0001571
0.71875 0.0000713
0.720833 -0.0000182
0.722917 -0.0001104
0.725 -0.0002003
0.727083 -0.0002801
0.729167 -0.0003576
0.73125 -0.0004423
0.733333 -0.0005161
0.735417 -0.0005715
0.7375 -0.0006129
0.739583 -0.0006387
0.741667 -0.0006468
0.74375 -0.0006412
0.745833 -0.0006197
0.747917 -0.0005806
0.75 -0.0005258
0.752083 -0.0004582
0.754167 -0.0003828
0.75625 -0.0003046
0.758333 -0.0002334
0.760417 -0.0001606
0.7625 -0.0000665
0.764583 0.0000586
0.766667 0.0001764
0.76875 0.0002859
0.770833 0.0003832
0.772917 0.0004634
0.775 0.0005263
0.777083 0.0005699
0.779167 0.0005908
0.78125 0.0005856
0.783333 0.0005723
0.785417 0.0005253
0.7875 0.0004627
0.789583 0.0003763
0.791667 0.0002673
0.79375 0.0001387
0.795833 0.0000115
0.797917 -0.0001301
0.8 -0.0002703
0.802083 -0.0004015
0.804167 -0.0005125
0.80625 -0.0006087
0.808333 -0.0006844
0.810417 -0.0007323
0.8125 -0.0007577
0.814583 -0.0007543
0.816667 -0.0007242
0.81875 -0.0006700
0.820833 -0.0005945
0.822917 -0.0004984
0.825 -0.0003851
0.827083 -0.0002593
0.829167 -0.0001248
0.83125 0.0000243
0.833333 0.0001511
0.835417 0.0002505
0.8375 0.0003432
0.839583 0.0004267
0.841667 0.0004920
0.84375 0.0005375
0.845833 0.0005643
0.847917 0.0005615
0.85 0.0005396
0.852083 0.0004963
0.854167 0.0004399
0.85625 0.0003574
0.858333 0.0002503
0.860417 0.0001263
0.8625 -0.0000108
0.864583 -0.0001326
0.866667 -0.0002683
0.86875 -0.0004075
0.870833 -0.0005384
0.872917 -0.0006547
0.875 -0.0007520
0.877083 -0.0008246
0.879167 -0.0008747
0.88125 -0.0009005
0.883333 -0.0009025
0.885417 -0.0008836
0.8875 -0.0008506
0.889583 -0.0008049
0.891667 -0.0007462
0.89375 -0.0006818
0.895833 -0.0006100
0.897917 -0.0005286
0.9 -0.0004373
0.902083 -0.0003465
0.904167 -0.0002378
0.90625 -0.0001321
0.908333 -0.0000377
0.910417 0.0000439
0.9125 0.0001133
0.914583 0.0001652
0.916667 0.0001960
0.91875 0.0001998
0.920833 0.0001840
0.922917 0.0001446
0.925 0.0000788
0.927083 -0.0000119
0.929167 -0.0001227
0.93125 -0.0002411
0.933333 -0.0003650
0.935417 -0.0005079
0.9375 -0.0006433
0.939583 -0.0007651
0.941667 -0.0008751
0.94375 -0.0009765
0.945833 -0.0010670
0.947917 -0.0011385
0.95 -0.0011898
0.952083 -0.0012240
0.954167 -0.0012332
0.95625 -0.0012224
0.958333 -0.0011883
0.960417 -0.0011311
0.9625 -0.0010482
0.964583 -0.0009380
0.966667 -0.0008047
0.96875 -0.0006560
0.970833 -0.0005033
0.972917 -0.0003496
0.975 -0.0002040
0.977083 -0.0000626
0.979167 0.0000711
0.98125 0.0001909
0.983333 0.0002882
0.985417 0.0003641
0.9875 0.0004071
0.989583 0.0004120
0.991667 0.0003862
0.99375 0.0003396
0.995833 0.0002714
0.997917 0.0001830
1 0.0000720
1.00208 -0.0000742
1.00417 -0.0002413
1.00625 -0.0004048
1.00833 -0.0005659
1.01042 -0.0007302
1.0125 -0.0008861
1.01458 -0.0010219
1.01667 -0.0011306
1.01875 -0.0012100
1.02083 -0.0012569
1.02292 -0.0012752
1.025 -0.0012515
1.02708 -0.0012014
1.02917 -0.0011227
1.03125 -0.0010147
1.03333 -0.0008823
1.03542 -0.0007329
1.0375 -0.0005625
1.03958 -0.0003727
1.04167 -0.0001922
1.04375 -0.0000187
1.04583 0.0001423
1.04792 0.0002849
1.05 0.0004071
1.05208 0.0005095
1.05417 0.0005915
1.05625 0.0006479
1.05833 0.0006618
1.06042 0.0006504
1.0625 0.0006061
1.06458 0.0005294
1.06667 0.0004240
1.06875 0.0002924
1.07083 0.0001376
1.07292 -0.0000403
1.075 -0.0002216
1.07708 -0.0004162
1.07917 -0.0006046
1.08125 -0.0007887
1.08333 -0.0009531
1.08542 -0.0010983
1.0875 -0.0012105
1.08958 -0.0012911
1.09167 -0.0013402
1.09375 -0.0013520
1.09583 -0.0013216
1.09792 -0.0012631
1.1 -0.0011771
1.10208 -0.0010661
1.10417 -0.0009295
1.10625 -0.0007601
1.10833 -0.0005857
1.11042 -0.0004060
1.1125 -0.0002212
1.11458 -0.0000499
1.11667 0.0001067
1.11875 0.0002476
1.12083 0.0003693
1.12292 0.0004723
1.125 0.0005484
1.12708 0.0005844
1.12917 0.0005878
1.13125 0.0005528
1.13333 0.0004766
1.13542 0.0003638
1.1375 0.0002129
1.13958 0.0000307
1.14167 -0.0001759
1.14375 -0.0003819
1.14583 -0.0005939
1.14792 -0.0008072
1.15 -0.0010240
1.15208 -0.0012235
1.15417 -0.0014047
1.15625 -0.0015593
1.15833 -0.0016647
1.16042 -0.0017275
1.1625 -0.0017584
1.16458 -0.0017474
1.16667 -0.0016972
1.16875 -0.0016127
1.17083 -0.0014968
1.17292 -0.0013509
1.175 -0.0011896
1.17708 -0.0010418
1.17917 -0.0008725
1.18125 -0.0006763
1.18333 -0.0004741
1.18542 -0.0002802
1.1875 -0.0001022
1.18958 0.0000587
1.19167 0.0001937
1.19375 0.0002976
1.19583 0.0003617
1.19792 0.0003841
1.2 0.0003716
1.20208 0.0003191
1.20417 0.0002252
1.20625 0.0000949
1.20833 -0.0000640
1.21042 -0.0002441
1.2125 -0.0004434
1.21458 -0.0006487
1.21667 -0.0008564
1.21875 -0.0010457
1.22083 -0.0012194
1.22292 -0.0013876
1.225 -0.0015248
1.22708 -0.0016344
1.22917 -0.0017055
1.23125 -0.0017393
1.23333 -0.0017351
1.23542 -0.0016933
1.2375 -0.0016192
1.23958 -0.0015166
1.24167 -0.0013880
1.24375 -0.0012308
1.24583 -0.0010385
1.24792 -0.0008156
1.25 -0.0005800
1.25208 -0.0003617
1.25417 -0.0001593
1.25625 0.0000292
1.25833 0.0001974
1.26042 0.0003457
1.2625 0.0004671
1.26458 0.0005563
1.26667 0.0006045
1.26875 0.0006066
1.27083 0.0005699
1.27292 0.0004911
1.275 0.0003755
1.27708 0.0002298
1.27917 0.0000601
1.28125 -0.0001308
1.28333 -0.0003380
1.28542 -0.0005455
1.2875 -0.0007639
1.28958 -0.0009818
1.29167 -0.0011783
1.29375 -0.0013479
1.29583 -0.0015052
1.29792 -0.0016076
1.3 -0.0016741
1.30208 -0.0016966
1.30417 -0.0016699
1.30625 -0.0015943
1.30833 -0.0014826
1.31042 -0.0013354
1.3125 -0.0011619
1.31458 -0.0009693
1.31667 -0.0007710
1.31875 -0.0005583
1.32083 -0.0003508
1.32292 -0.0001349
1.325 0.0000692
1.32708 0.0002488
1.32917 0.0004010
1.33125 0.0005255
1.33333 0.0006162
1.33542 0.0006734
1.3375 0.0006869
1.33958 0.0006566
1.34167 0.0005854
1.34375 0.0004789
1.34583 0.0003426
1.34792 0.0001728
1.35 -0.0000228
1.35208 -0.0002430
1.35417 -0.0004718
1.35625 -0.0007053
1.35833 -0.0009354
1.36042 -0.0011538
1.3625 -0.0013459
1.36458 -0.0015150
1.36667 -0.0016508
1.36875 -0.0017429
1.37083 -0.0017887
1.37292 -0.0018030
1.375 -0.0017755
1.37708 -0.0017109
1.37917 -0.0016110
1.38125 -0.0014797
1.38333 -0.0013208
1.38542 -0.0011408
1.3875 -0.0009382
1.38958 -0.0007254
1.39167 -0.0005096
1.39375 -0.0003131
1.39583 -0.0001274
1.39792 0.0000434
1.4 0.0001869
1.40208 0.0002933
1.40417 0.0003589
1.40625 0.0003866
1.40833 0.0003749
1.41042 0.0003208
1.4125 0.0002251
1.41458 0.0000866
1.41667 -0.0000863
1.41875 -0.0002894
1.42083 -0.0005237
1.42292 -0.0007600
1.425 -0.0009997
1.42708 -0.0012358
1.42917 -0.0014605
1.43125 -0.0016640
1.43333 -0.0018414
1.43542 -0.0019827
1.4375 -0.0020898
1.43958 -0.0021575
1.44167 -0.0021946
1.44375 -0.0021861
1.44583 -0.0021374
1.44792 -0.0020475
1.45 -0.0019172
1.45208 -0.0017509
1.45417 -0.0015557
1.45625 -0.0013326
1.45833 -0.0010924
1.46042 -0.0008457
1.4625 -0.0006028
1.46458 -0.0003768
1.46667 -0.0001744
1.46875 0.0000003
1.47083 0.0001419
1.47292 0.0002415
1.475 0.0002972
1.47708 0.0003138
1.47917 0.0002833
1.48125 0.0002122
1.48333 0.0001071
1.48542 -0.0000245
1.4875 -0.0001869
1.48958 -0.0003629
1.49167 -0.0005682
1.49375 -0.0007868
1.49583 -0.0010111
1.49792 -0.0012371
1.5 -0.0014595
1.50208 -0.0016631
1.50417 -0.0018372
1.50625 -0.0019707
1.50833 -0.0020652
1.51042 -0.0021216
1.5125 -0.0021368
1.51458 -0.0020992
1.51667 -0.0020129
1.51875 -0.0018855
1.52083 -0.0017244
1.52292 -0.0015299
1.525 -0.0013076
1.52708 -0.0010803
1.52917 -0.0008402
1.53125 -0.0005990
1.53333 -0.0003563
1.53542 -0.0001252
1.5375 0.0000837
1.53958 0.0002630
1.54167 0.0003978
1.54375 0.0005090
1.54583 0.0005634
1.54792 0.0005724
1.55 0.0005466
1.55208 0.0004815
1.55417 0.0003691
1.55625 0.0002203
1.55833 0.0000270
1.56042 -0.0001981
1.5625 -0.0004424
1.56458 -0.0007105
1.56667 -0.0009728
1.56875 -0.0012240
1.57083 -0.0014588
1.57292 -0.0016728
1.575 -0.0018553
1.57708 -0.0019974
1.57917 -0.0020872
1.58125 -0.0021451
1.58333 -0.0021392
1.58542 -0.0020861
1.5875 -0.0019921
1.58958 -0.0018525
1.59167 -0.0016740
1.59375 -0.0014685
1.59583 -0.0012432
1.59792 -0.0009944
1.6 -0.0007399
1.60208 -0.0004930
1.60417 -0.0002637
1.60625 -0.0000541
1.60833 0.0001293
1.61042 0.0002830
1.6125 0.0003951
1.61458 0.0004730
1.61667 0.0004938
1.61875 0.0004660
1.62083 0.0003829
1.62292 0.0002578
1.625 0.0000954
1.62708 -0.0000895
1.62917 -0.0003003
1.63125 -0.0005491
1.63333 -0.0008181
1.63542 -0.0010869
1.6375 -0.0013644
1.63958 -0.0016233
1.64167 -0.0018595
1.64375 -0.0020683
1.64583 -0.0022459
1.64792 -0.0023776
1.65 -0.0024543
1.65208 -0.0024949
1.65417 -0.0024787
1.65625 -0.0024154
1.65833 -0.0023025
1.66042 -0.0021477
1.6625 -0.0019578
1.66458 -0.0017259
1.66667 -0.0014567
1.66875 -0.0011762
1.67083 -0.0009012
1.67292 -0.0006368
1.675 -0.0003902
1.67708 -0.0001711
1.67917 0.0000119
1.68125 0.0001546
1.68333 0.0002499
1.68542 0.0002844
1.6875 0.0002500
1.68958 0.0001748
1.69167 0.0000344
1.69375 -0.0001412
1.69583 -0.0003602
1.69792 -0.0006101
1.7 -0.0008774
1.70208 -0.0011505
1.70417 -0.0014168
1.70625 -0.0016757
1.70833 -0.0019312
1.71042 -0.0021677
1.7125 -0.0023747
1.71458 -0.0025417
1.71667 -0.0026632
1.71875 -0.0027308
1.72083 -0.0027508
1.72292 -0.0027190
1.725 -0.0026343
1.72708 -0.0024958
1.72917 -0.0023097
1.73125 -0.0020810
1.73333 -0.0018198
1.73542 -0.0015488
1.7375 -0.0012698
1.73958 -0.0009807
1.74167 -0.0006815
1.74375 -0.0003996
1.74583 -0.0001428
1.74792 0.0000774
1.75 0.0002500
1.75208 0.0003743
1.75417 0.0004471
1.75625 0.0004701
1.75833 0.0004299
1.76042 0.0003469
1.7625 0.0002015
1.76458 0.0000145
1.76667 -0.0002103
1.76875 -0.0004711
1.77083 -0.0007594
1.77292 -0.0010528
1.775 -0.0013576
1.77708 -0.0016553
1.77917 -0.0019383
1.78125 -0.0021921
1.78333 -0.0024013
1.78542 -0.0025666
1.7875 -0.0026807
1.78958 -0.0027457
1.79167 -0.0027517
1.79375 -0.0026979
1.79583 -0.0025843
1.79792 -0.0024185
1.8 -0.0022077
1.80208 -0.0019550
1.80417 -0.0016668
1.80625 -0.0013538
1.80833 -0.0010133
1.81042 -0.0006859
1.8125 -0.0003939
1.81458 -0.0001287
1.81667 0.0001047
1.81875 0.0002981
1.82083 0.0004496
1.82292 0.0005551
1.825 0.0006054
1.82708 0.0006017
1.82917 0.0005595
1.83125 0.0004522
1.83333 0.0002884
1.83542 0.0000789
1.8375 -0.0001684
1.83958 -0.0004553
1.84167 -0.0007484
1.84375 -0.0010677
1.84583 -0.0013937
1.84792 -0.0017134
1.85 -0.0020138
1.85208 -0.0022832
1.85417 -0.0025107
1.85625 -0.0026885
1.85833 -0.0028116
1.86042 -0.0028707
1.8625 -0.0028626
1.86458 -0.0027937
1.86667 -0.0026652
1.86875 -0.0024828
1.87083 -0.0022567
1.87292 -0.0019960
1.875 -0.0017101
1.87708 -0.0014016
1.87917 -0.0010948
1.88125 -0.0007788
1.88333 -0.0004768
1.88542 -0.0002097
1.8875 0.0000144
1.88958 0.0001925
1.89167 0.0003162
1.89375 0.0003787
1.89583 0.0003729
1.89792 0.0003159
1.9 0.0002001
1.90208 0.0000370
1.90417 -0.0001714
1.90625 -0.0004287
1.90833 -0.0007121
1.91042 -0.0010016
1.9125 -0.0013177
1.91458 -0.0016390
1.91667 -0.0019594
1.91875 -0.0022727
1.92083 -0.0025549
1.92292 -0.0028003
1.925 -0.0030010
1.92708 -0.0031528
1.92917 -0.0032513
1.93125 -0.0032951
1.93333 -0.0032881
1.93542 -0.0032236
1.9375 -0.0030947
1.93958 -0.0029063
1.94167 -0.0026653
1.94375 -0.0023757
1.94583 -0.0020534
1.94792 -0.0017190
1.95 -0.0013827
1.95208 -0.0010676
1.95417 -0.0007729
1.95625 -0.0005080
1.95833 -0.0002795
1.96042 -0.0000999
1.9625 0.0000326
1.96458 0.0001049
1.96667 0.0001129
1.96875 0.0000644
1.97083 -0.0000350
1.97292 -0.0001847
1.975 -0.0003771
1.97708 -0.0006091
1.97917 -0.0009017
1.98125 -0.0012329
1.98333 -0.0015656
1.98542 -0.0018943
1.9875 -0.0022115
1.98958 -0.0025155
1.99167 -0.0027931
1.99375 -0.0030265
1.99583 -0.0032141
1.99792 -0.0033439
2 -0.0034071
2.00208 -0.0033955
2.00417 -0.0033152
2.00625 -0.0031689
2.00833 -0.0029610
2.01042 -0.0026956
2.0125 -0.0023873
2.01458 -0.0020400
2.01667 -0.0016670
2.01875 -0.0012979
2.02083 -0.0009412
2.02292 -0.0006117
2.025 -0.0003193
2.02708 -0.0000700
2.02917 0.0001274
2.03125 0.0002729
2.03333 0.0003512
2.03542 0.0003618
2.0375 0.0003132
2.03958 0.0002089
2.04167 0.0000537
2.04375 -0.0001488
2.04583 -0.0003911
2.04792 -0.0006515
2.05 -0.0009389
2.05208 -0.0012374
2.05417 -0.0015527
2.05625 -0.0018741
2.05833 -0.0021862
2.06042 -0.0024758
2.0625 -0.0027373
2.06458 -0.0029496
2.06667 -0.0031028
2.06875 -0.0032072
2.07083 -0.0032314
2.07292 -0.0031825
2.075 -0.0030648
2.07708 -0.0028808
2.07917 -0.0026403
2.08125 -0.0023551
2.08333 -0.0020261
2.08542 -0.0016659
2.0875 -0.0013001
2.08958 -0.0009401
2.09167 -0.0006050
2.09375 -0.0003051
2.09583 -0.0000495
2.09792 0.0001610
2.1 0.0003207
2.10208 0.0004262
2.10417 0.0004550
2.10625 0.0004378
2.10833 0.0003607
2.11042 0.0002226
2.1125 0.0000263
2.11458 -0.0002206
2.11667 -0.0005179
2.11875 -0.0008564
2.12083 -0.0012015
2.12292 -0.0015612
2.125 -0.0019150
2.12708 -0.0022570
2.12917 -0.0025676
2.13125 -0.0028505
2.13333 -0.0030913
2.13542 -0.0032822
2.1375 -0.0034097
2.13958 -0.0034796
2.14167 -0.0034728
2.14375 -0.0033950
2.14583 -0.0032508
2.14792 -0.0030457
2.15 -0.0027828
2.15208 -0.0024755
2.15417 -0.0021760
2.15625 -0.0018542
2.15833 -0.0015054
2.16042 -0.0011510
2.1625 -0.0008093
2.16458 -0.0004938
2.16667 -0.0002214
2.16875 -0.0000074
2.17083 0.0001487
2.17292 0.0002324
2.175 0.0002445
2.17708 0.0001873
2.17917 0.0000592
2.18125 -0.0001294
2.18333 -0.0003702
2.18542 -0.0006599
2.1875 -0.0009872
2.18958 -0.0013388
2.19167 -0.0017023
2.19375 -0.0020798
2.19583 -0.0024481
2.19792 -0.0027833
2.2 -0.0030839
2.20208 -0.0033465
2.20417 -0.0035754
2.20625 -0.0037385
2.20833 -0.0038399
2.21042 -0.0038716
2.2125 -0.0038320
2.21458 -0.0037237
2.21667 -0.0035460
2.21875 -0.0033027
2.22083 -0.0030086
2.22292 -0.0026541
2.225 -0.0022441
2.22708 -0.0018101
2.22917 -0.0013886
2.23125 -0.0009978
2.23333 -0.0006479
2.23542 -0.0003469
2.2375 -0.0001018
2.23958 0.0000796
2.24167 0.0001935
2.24375 0.0002358
2.24583 0.0002110
2.24792 0.0001276
2.25 -0.0000131
2.25208 -0.0002016
2.25417 -0.0004310
2.25625 -0.0007053
2.25833 -0.0010171
2.26042 -0.0013520
2.2625 -0.0016920
2.26458 -0.0020382
2.26667 -0.0023901
2.26875 -0.0027249
2.27083 -0.0030232
2.27292 -0.0032888
2.275 -0.0034932
2.27708 -0.0036420
2.27917 -0.0037233
2.28125 -0.0037276
2.28333 -0.0036489
2.28542 -0.0034932
2.2875 -0.0032613
2.28958 -0.0029623
2.29167 -0.0026107
2.29375 -0.0022368
2.29583 -0.0018370
2.29792 -0.0014466
2.3 -0.0010588
2.30208 -0.0006896
2.30417 -0.0003585
2.30625 -0.0000775
2.30833 0.0001466
2.31042 0.0003075
2.3125 0.0004037
2.31458 0.0004284
2.31667 0.0003853
2.31875 0.0002816
2.32083 0.0001234
2.32292 -0.0000844
2.325 -0.0003464
2.32708 -0.0006433
2.32917 -0.0009746
2.33125 -0.0013247
2.33333 -0.0016923
2.33542 -0.0020625
2.3375 -0.0024226
2.33958 -0.0027544
2.34167 -0.0030564
2.34375 -0.0033101
2.34583 -0.0034875
2.34792 -0.0036055
2.35 -0.0036483
2.35208 -0.0036135
2.35417 -0.0035047
2.35625 -0.0033287
2.35833 -0.0030909
2.36042 -0.0028005
2.3625 -0.0024666
2.36458 -0.0020944
2.36667 -0.0017061
2.36875 -0.0013102
2.37083 -0.0009415
2.37292 -0.0006050
2.375 -0.0003090
2.37708 -0.0000651
2.37917 0.0001174
2.38125 0.0002347
2.38333 0.0002846
2.38542 0.0002659
2.3875 0.0001827
2.38958 0.0000384
2.39167 -0.0001631
2.39375 -0.0004139
2.39583 -0.0007039
2.39792 -0.0010447
2.4 -0.0014020
2.40208 -0.0017744
2.40417 -0.0021538
2.40625 -0.0025249
2.40833 -0.0028811
2.41042 -0.0032165
2.4125 -0.0035080
2.41458 -0.0037382
2.41667 -0.0039142
2.41875 -0.0040189
2.42083 -0.0040482
2.42292 -0.0040012
2.425 -0.0038737
2.42708 -0.0036684
2.42917 -0.0033922
2.43125 -0.0030590
2.43333 -0.0026777
2.43542 -0.0022687
2.4375 -0.0018523
2.43958 -0.0014465
2.44167 -0.0010687
2.44375 -0.0007379
2.44583 -0.0004587
2.44792 -0.0002474
2.45 -0.0001129
2.45208 -0.0000505
2.45417 -0.0000643
2.45625 -0.0001518
2.45833 -0.0002988
2.46042 -0.0004937
2.4625 -0.0007324
2.46458 -0.0010123
2.46667 -0.0013113
2.46875 -0.0016356
2.47083 -0.0019759
2.47292 -0.0023208
2.475 -0.0026685
2.47708 -0.0030124
2.47917 -0.0033368
2.48125 -0.0036206
2.48333 -0.0038585
2.48542 -0.0040427
2.4875 -0.0041701
2.48958 -0.0042249
2.49167 -0.0041965
2.49375 -0.0040867
2.49583 -0.0038940
2.49792 -0.0036263
2.5 -0.0032908
2.50208 -0.0028989
2.50417 -0.0024763
2.50625 -0.0020342
2.50833 -0.0015985
2.51042 -0.0011863
2.5125 -0.0008136
2.51458 -0.0004879
2.51667 -0.0002215
2.51875 -0.0000213
2.52083 0.0001126
2.52292 0.0001681
2.525 0.0001512
2.52708 0.0000696
2.52917 -0.0000787
2.53125 -0.0002856
2.53333 -0.0005302
2.53542 -0.0008187
2.5375 -0.0011500
2.53958 -0.0015061
2.54167 -0.0018896
2.54375 -0.0022737
2.54583 -0.0026477
2.54792 -0.0029998
2.55 -0.0033185
2.55208 -0.0035904
2.55417 -0.0038049
2.55625 -0.0039549
2.55833 -0.0040433
2.56042 -0.0040467
2.5625 -0.0039620
2.56458 -0.0037898
2.56667 -0.0035366
2.56875 -0.0032130
2.57083 -0.0028300
2.57292 -0.0024192
2.575 -0.0019804
2.57708 -0.0015409
2.57917 -0.0011191
2.58125 -0.0007327
2.58333 -0.0003931
2.58542 -0.0001071
2.5875 0.0001085
2.58958 0.0002573
2.59167 0.0003466
2.59375 0.0003601
2.59583 0.0003061
2.59792 0.0001962
2.6 0.0000215
2.60208 -0.0002119
2.60417 -0.0004921
2.60625 -0.0008004
2.60833 -0.0011489
2.61042 -0.0015288
2.6125 -0.0019141
2.61458 -0.0023282
2.61667 -0.0027402
2.61875 -0.0031284
2.62083 -0.0034792
2.62292 -0.0037819
2.625 -0.0040064
2.62708 -0.0041758
2.62917 -0.0042569
2.63125 -0.0042447
2.63333 -0.0041456
2.63542 -0.0039588
2.6375 -0.0036925
2.63958 -0.0033664
2.64167 -0.0029802
2.64375 -0.0025380
2.64583 -0.0020753
2.64792 -0.0016154
2.65 -0.0011789
2.65208 -0.0007813
2.65417 -0.0004361
2.65625 -0.0001519
2.65833 0.0000638
2.66042 0.0002104
2.6625 0.0002700
2.66458 0.0002560
2.66667 0.0001899
2.66875 0.0000275
2.67083 -0.0001997
2.67292 -0.0004850
2.675 -0.0008304
2.67708 -0.0012243
2.67917 -0.0016464
2.68125 -0.0020790
2.68333 -0.0025156
2.68542 -0.0029450
2.6875 -0.0033575
2.68958 -0.0037385
2.69167 -0.0040755
2.69375 -0.0043558
2.69583 -0.0045588
2.69792 -0.0046850
2.7 -0.0047227
2.70208 -0.0046686
2.70417 -0.0045198
2.70625 -0.0042798
2.70833 -0.0039495
2.71042 -0.0035422
2.7125 -0.0030878
2.71458 -0.0026047
2.71667 -0.0021159
2.71875 -0.0016366
2.72083 -0.0011798
2.72292 -0.0007684
2.725 -0.0004200
2.72708 -0.0001475
2.72917 0.0000438
2.73125 0.0001498
2.73333 0.0001757
2.73542 0.0001180
2.7375 -0.0000007
2.73958 -0.0001952
2.74167 -0.0004480
2.74375 -0.0007516
2.74583 -0.0010966
2.74792 -0.0014736
2.75 -0.0018648
2.75208 -0.0022720
2.75417 -0.0026825
2.75625 -0.0030834
2.75833 -0.0034646
2.76042 -0.0038086
2.7625 -0.0040978
2.76458 -0.0043222
2.76667 -0.0044758
2.76875 -0.0045477
2.77083 -0.0045272
2.77292 -0.0044128
2.775 -0.0042080
2.77708 -0.0039217
2.77917 -0.0035635
2.78125 -0.0031501
2.78333 -0.0026940
2.78542 -0.0021950
2.7875 -0.0016809
2.78958 -0.0011989
2.79167 -0.0007632
2.79375 -0.0003874
2.79583 -0.0000803
2.79792 0.0001579
2.8 0.0003215
2.80208 0.0004012
2.80417 0.0003943
2.80625 0.0003319
2.80833 0.0001891
2.81042 -0.0000088
2.8125 -0.0002556
2.81458 -0.0005536
2.81667 -0.0009038
2.81875 -0.0012774
2.82083 -0.0016901
2.82292 -0.0021194
2.825 -0.0025611
2.82708 -0.0029927
2.82917 -0.0033966
2.83125 -0.0037591
2.83333 -0.0040634
2.83542 -0.0043010
2.8375 -0.0044519
2.83958 -0.0045041
2.84167 -0.0044554
2.84375 -0.0043024
2.84583 -0.0040456
2.84792 -0.0036976
2.85 -0.0032806
2.85208 -0.0028123
2.85417 -0.0023047
2.85625 -0.0018028
2.85833 -0.0013177
2.86042 -0.0008605
2.8625 -0.0004538
2.86458 -0.0001120
2.86667 0.0001582
2.86875 0.0003552
2.87083 0.0004684
2.87292 0.0005011
2.875 0.0004543
2.87708 0.0003311
2.87917 0.0001324
2.88125 -0.0001259
2.88333 -0.0004459
2.88542 -0.0008095
2.8875 -0.0011902
2.88958 -0.0016135
2.89167 -0.0020651
2.89375 -0.0025357
2.89583 -0.0030062
2.89792 -0.0034508
2.9 -0.0038590
2.90208 -0.0042160
2.90417 -0.0045012
2.90625 -0.0046992
2.90833 -0.0048044
2.91042 -0.0048104
2.9125 -0.0047151
2.91458 -0.0045182
2.91667 -0.0042299
2.91875 -0.0038620
2.92083 -0.0034234
2.92292 -0.0029374
2.925 -0.0024333
2.92708 -0.0019235
2.92917 -0.0014451
2.93125 -0.0010096
2.93333 -0.0006301
2.93542 -0.0003200
2.9375 -0.0000893
2.93958 0.0000599
2.94167 0.0001159
2.94375 0.0000902
2.94583 -0.0000087
2.94792 -0.0001664
2.95 -0.0003902
2.95208 -0.0006699
2.95417 -0.0009958
2.95625 -0.0013784
2.95833 -0.0018090
2.96042 -0.0022504
2.9625 -0.0026939
2.96458 -0.0031279
2.96667 -0.0035520
2.96875 -0.0039579
2.97083 -0.0043254
2.97292 -0.0046445
2.975 -0.0048997
2.97708 -0.0050735
2.97917 -0.0051543
2.98125 -0.0051304
2.98333 -0.0049911
2.98542 -0.0047378
2.9875 -0.0043802
2.98958 -0.0039399
2.99167 -0.0034340
2.99375 -0.0028878
2.99583 -0.0023297
2.99792 -0.0017824
3 -0.0012649
3.00208 -0.0007958
3.00417 -0.0003952
3.00625 -0.0000759
3.00833 0.0001603
3.01042 0.0003024
3.0125 0.0003507
3.01458 0.0003161
3.01667 0.0002074
3.01875 0.0000283
3.02083 -0.0002209
3.02292 -0.0005331
3.025 -0.0008893
3.02708 -0.0012899
3.02917 -0.0017179
3.03125 -0.0021758
3.03333 -0.0026609
3.03542 -0.0031531
3.0375 -0.0036239
3.03958 -0.0040635
3.04167 -0.0044490
3.04375 -0.0047680
3.04583 -0.0050108
3.04792 -0.0051338
3.05 -0.0051461
3.05208 -0.0050431
3.05417 -0.0048208
3.05625 -0.0044879
3.05833 -0.0040649
3.06042 -0.0035630
3.0625 -0.0029960
3.06458 -0.0024105
3.06667 -0.0018264
3.06875 -0.0012690
3.07083 -0.0007607
3.07292 -0.0003220
3.075 0.0000392
3.07708 0.0003154
3.07917 0.0005078
3.08125 0.0005949
3.08333 0.0006040
3.08542 0.0005306
3.0875 0.0003804
3.08958 0.0001659
3.09167 -0.0001115
3.09375 -0.0004563
3.09583 -0.0008608
3.09792 -0.0012985
3.1 -0.0017784
3.10208 -0.0022713
3.10417 -0.0027742
3.10625 -0.0032699
3.10833 -0.0037536
3.11042 -0.0041886
3.1125 -0.0045611
3.11458 -0.0048492
3.11667 -0.0050530
3.11875 -0.0051392
3.12083 -0.0051131
3.12292 -0.0049718
3.125 -0.0047212
3.12708 -0.0043647
3.12917 -0.0039130
3.13125 -0.0034245
3.13333 -0.0028955
3.13542 -0.0023378
3.1375 -0.0017885
3.13958 -0.0012693
3.14167 -0.0008012
3.14375 -0.0003987
3.14583 -0.0000760
3.14792 0.0001662
3.15 0.0003053
3.15208 0.0003579
3.15417 0.0003321
3.15625 0.0002195
3.15833 0.0000312
3.16042 -0.0002311
3.1625 -0.0005526
3.16458 -0.0009278
3.16667 -0.0013433
3.16875 -0.0017970
3.17083 -0.0022923
3.17292 -0.0028234
3.175 -0.0033629
3.17708 -0.0038789
3.17917 -0.0043601
3.18125 -0.0047838
3.18333 -0.0051244
3.18542 -0.0053874
3.1875 -0.0055498
3.18958 -0.0056022
3.19167 -0.0055410
3.19375 -0.0053624
3.19583 -0.0050691
3.19792 -0.0046850
3.2 -0.0042214
3.20208 -0.0036789
3.20417 -0.0030879
3.20625 -0.0024950
3.20833 -0.0019320
3.21042 -0.0014142
3.2125 -0.0009551
3.21458 -0.0005736
3.21667 -0.0002814
3.21875 -0.0000854
3.22083 0.0000076
3.22292 0.0000071
3.225 -0.0000788
3.22708 -0.0002404
3.22917 -0.0004679
3.23125 -0.0007538
3.23333 -0.0011010
3.23542 -0.0015009
3.2375 -0.0019377
3.23958 -0.0023978
3.24167 -0.0028666
3.24375 -0.0033362
3.24583 -0.0038005
3.24792 -0.0042566
3.25 -0.0046747
3.25208 -0.0050331
3.25417 -0.0053156
3.25625 -0.0055022
3.25833 -0.0055853
3.26042 -0.0055583
3.2625 -0.0054174
3.26458 -0.0051605
3.26667 -0.0047896
3.26875 -0.0043189
3.27083 -0.0037821
3.27292 -0.0031993
3.275 -0.0026212
3.27708 -0.0020562
3.27917 -0.0015197
3.28125 -0.0010378
3.28333 -0.0006266
3.28542 -0.0002968
3.2875 -0.0000543
3.28958 0.0000963
3.29167 0.0001526
3.29375 0.0001281
3.29583 0.0000273
3.29792 -0.0001421
3.3 -0.0003760
3.30208 -0.0006681
3.30417 -0.0010075
3.30625 -0.0013967
3.30833 -0.0018216
3.31042 -0.0022903
3.3125 -0.0027863
3.31458 -0.0032934
3.31667 -0.0037909
3.31875 -0.0042691
3.32083 -0.0046970
3.32292 -0.0050541
3.325 -0.0053306
3.32708 -0.0055052
3.32917 -0.0055610
3.33125 -0.0054925
3.33333 -0.0053028
3.33542 -0.0050000
3.3375 -0.0045972
3.33958 -0.0041101
3.34167 -0.0035544
3.34375 -0.0029660
3.34583 -0.0023571
3.34792 -0.0017739
3.35 -0.0012409
3.35208 -0.0007727
3.35417 -0.0003782
3.35625 -0.0000716
3.35833 0.0001504
3.36042 0.0002837
3.3625 0.0003272
3.36458 0.0002840
3.36667 0.0001615
3.36875 -0.0000301
3.37083 -0.0002873
3.37292 -0.0006053
3.375 -0.0009930
3.37708 -0.0014283
3.37917 -0.0019086
3.38125 -0.0024278
3.38333 -0.0029736
3.38542 -0.0035260
3.3875 -0.0040650
3.38958 -0.0045674
3.39167 -0.0050154
3.39375 -0.0053901
3.39583 -0.0056776
3.39792 -0.0058521
3.4 -0.0059014
3.40208 -0.0058187
3.40417 -0.0056064
3.40625 -0.0052699
3.40833 -0.0048265
3.41042 -0.0042937
3.4125 -0.0037033
3.41458 -0.0030867
3.41667 -0.0024803
3.41875 -0.0019016
3.42083 -0.0013756
3.42292 -0.0009188
3.425 -0.0005488
3.42708 -0.0002712
3.42917 -0.0000895
3.43125 -0.0000055
3.43333 -0.0000122
3.43542 -0.0000997
3.4375 -0.0002685
3.43958 -0.0005122
3.44167 -0.0008233
3.44375 -0.0011907
3.44583 -0.0016058
3.44792 -0.0020689
3.45 -0.0025704
3.45208 -0.0031056
3.45417 -0.0036601
3.45625 -0.0042157
3.45833 -0.0047546
3.46042 -0.0052542
3.4625 -0.0056837
3.46458 -0.0060331
3.46667 -0.0062733
3.46875 -0.0063918
3.47083 -0.0063817
3.47292 -0.0062352
3.475 -0.0059570
3.47708 -0.0055565
3.47917 -0.0050491
3.48125 -0.0044643
3.48333 -0.0038304
3.48542 -0.0031849
3.4875 -0.0025619
3.48958 -0.0019805
3.49167 -0.0014562
3.49375 -0.0010095
3.49583 -0.0006513
3.49792 -0.0003852
3.5 -0.0002076
3.50208 -0.0001189
3.50417 -0.0001144
3.50625 -0.0001901
3.50833 -0.0003387
3.51042 -0.0005602
3.5125 -0.0008506
3.51458 -0.0012188
3.51667 -0.0016485
3.51875 -0.0021387
3.52083 -0.0026717
3.52292 -0.0032390
3.525 -0.0038208
3.52708 -0.0043913
3.52917 -0.0049230
3.53125 -0.0053969
3.53333 -0.0057944
3.53542 -0.0060988
3.5375 -0.0062795
3.53958 -0.0063223
3.54167 -0.0062218
3.54375 -0.0059859
3.54583 -0.0056197
3.54792 -0.0051394
3.55 -0.0045871
3.55208 -0.0039689
3.55417 -0.0033207
3.55625 -0.0026659
3.55833 -0.0020351
3.56042 -0.0014571
3.5625 -0.0009487
3.56458 -0.0005362
3.56667 -0.0002062
3.56875 0.0000263
3.57083 0.0001540
3.57292 0.0001929
3.575 0.0001549
3.57708 0.0000309
3.57917 -0.0001618
3.58125 -0.0004388
3.58333 -0.0007780
3.58542 -0.0011830
3.5875 -0.0016563
3.58958 -0.0021686
3.59167 -0.0027283
3.59375 -0.0033200
3.59583 -0.0039153
3.59792 -0.0044918
3.6 -0.0050268
3.60208 -0.0054855
3.60417 -0.0058712
3.60625 -0.0061276
3.60833 -0.0062429
3.61042 -0.0062188
3.6125 -0.0060472
3.61458 -0.0057384
3.61667 -0.0053199
3.61875 -0.0048007
3.62083 -0.0041940
3.62292 -0.0035422
3.625 -0.0028817
3.62708 -0.0022450
3.62917 -0.0016528
3.63125 -0.0011295
3.63333 -0.0006886
3.63542 -0.0003412
3.6375 -0.0000855
3.63958 0.0000674
3.64167 0.0001435
3.64375 0.0001399
3.64583 0.0000510
3.64792 -0.0001071
3.65 -0.0003460
3.65208 -0.0006725
3.65417 -0.0010872
3.65625 -0.0015691
3.65833 -0.0021014
3.66042 -0.0026795
3.6625 -0.0032807
3.66458 -0.0039003
3.66667 -0.0045122
3.66875 -0.0050985
3.67083 -0.0056268
3.67292 -0.0060720
3.675 -0.0064194
3.67708 -0.0066372
3.67917 -0.0067125
3.68125 -0.0066356
3.68333 -0.0064118
3.68542 -0.0060453
3.6875 -0.0055465
3.68958 -0.0049464
3.69167 -0.0042845
3.69375 -0.0036029
3.69583 -0.0029257
3.69792 -0.0022729
3.7 -0.0016748
3.70208 -0.0011527
3.70417 -0.0007215
3.70625 -0.0003887
3.70833 -0.0001582
3.71042 -0.0000384
3.7125 -0.0000158
3.71458 -0.0000934
3.71667 -0.0002627
3.71875 -0.0005067
3.72083 -0.0008185
3.72292 -0.0011956
3.725 -0.0016324
3.72708 -0.0021183
3.72917 -0.0026553
3.73125 -0.0032463
3.73333 -0.0038631
3.73542 -0.0044814
3.7375 -0.0050848
3.73958 -0.0056472
3.74167 -0.0061404
3.74375 -0.0065419
3.74583 -0.0068247
3.74792 -0.0069659
3.75 -0.0069532
3.75208 -0.0067839
3.75417 -0.0064664
3.75625 -0.0060178
3.75833 -0.0054691
3.76042 -0.0048390
3.7625 -0.0041384
3.76458 -0.0033893
3.76667 -0.0026593
3.76875 -0.0019760
3.77083 -0.0013656
3.77292 -0.0008487
3.775 -0.0004335
3.77708 -0.0001236
3.77917 0.0000808
3.78125 0.0001821
3.78333 0.0002037
3.78542 0.0001248
3.7875 -0.0000323
3.78958 -0.0002744
3.79167 -0.0006007
3.79375 -0.0010102
3.79583 -0.0014810
3.79792 -0.0020262
3.8 -0.0026266
3.80208 -0.0032681
3.80417 -0.0039249
3.80625 -0.0045828
3.80833 -0.0052147
3.81042 -0.0057890
3.8125 -0.0062846
3.81458 -0.0066667
3.81667 -0.0069104
3.81875 -0.0069972
3.82083 -0.0069162
3.82292 -0.0066651
3.825 -0.0062554
3.82708 -0.0057090
3.82917 -0.0050559
3.83125 -0.0043199
3.83333 -0.0035696
3.83542 -0.0028393
3.8375 -0.0021373
3.83958 -0.0014899
3.84167 -0.0009243
3.84375 -0.0004541
3.84583 -0.0000834
3.84792 0.0001771
3.85 0.0003419
3.85208 0.0004130
3.85417 0.0004030
3.85625 0.0003006
3.85833 0.0001083
3.86042 -0.0001689
3.8625 -0.0005311
3.86458 -0.0009516
3.86667 -0.0014591
3.86875 -0.0020424
3.87083 -0.0026830
3.87292 -0.0033599
3.875 -0.0040504
3.87708 -0.0047281
3.87917 -0.0053692
3.88125 -0.0059421
3.88333 -0.0064156
3.88542 -0.0067619
3.8875 -0.0069625
3.88958 -0.0070015
3.89167 -0.0068723
3.89375 -0.0065879
3.89583 -0.0061622
3.89792 -0.0056147
3.9 -0.0049731
3.90208 -0.0042780
3.90417 -0.0035415
3.90625 -0.0028153
3.90833 -0.0021348
3.91042 -0.0015238
3.9125 -0.0009970
3.91458 -0.0005677
3.91667 -0.0002418
3.91875 -0.0000240
3.92083 0.0000993
3.92292 0.0001282
3.925 0.0000626
3.92708 -0.0000953
3.92917 -0.0003405
3.93125 -0.0006602
3.93333 -0.0010551
3.93542 -0.0015405
3.9375 -0.0020901
3.93958 -0.0026938
3.94167 -0.0033426
3.94375 -0.0040239
3.94583 -0.0047150
3.94792 -0.0053837
3.95 -0.0060020
3.95208 -0.0065446
3.95417 -0.0069765
3.95625 -0.0072770
3.95833 -0.0074201
3.96042 -0.0073943
3.9625 -0.0071969
3.96458 -0.0068343
3.96667 -0.0063264
3.96875 -0.0057044
3.97083 -0.0050079
3.97292 -0.0042691
3.975 -0.0035277
3.97708 -0.0028089
3.97917 -0.0021395
3.98125 -0.0015448
3.98333 -0.0010459
3.98542 -0.0006477
3.9875 -0.0003611
3.98958 -0.0001855
3.99167 -0.0001073
3.99375 -0.0001131
3.99583 -0.0002020
3.99792 -0.0003701
4 -0.0006191
4.00208 -0.0009636
4.00417 -0.0013947
4.00625 -0.0018914
4.00833 -0.0024564
4.01042 -0.0030920
4.0125 -0.0037777
4.01458 -0.0044872
4.01667 -0.0051933
4.01875 -0.0058671
4.02083 -0.0064735
4.02292 -0.0069838
4.025 -0.0073521
4.02708 -0.0075671
4.02917 -0.0076087
4.03125 -0.0074690
4.03333 -0.0071552
4.03542 -0.0066868
4.0375 -0.0060804
4.03958 -0.0053649
4.04167 -0.0045989
4.04375 -0.0038132
4.04583 -0.0030442
4.04792 -0.0023237
4.05 -0.0016766
4.05208 -0.0011190
4.05417 -0.0006616
4.05625 -0.0003117
4.05833 -0.0000828
4.06042 0.0000480
4.0625 0.0000819
4.06458 0.0000263
4.06667 -0.0001124
4.06875 -0.0003318
4.07083 -0.0006335
4.07292 -0.0010246
4.075 -0.0014914
4.07708 -0.0020470
4.07917 -0.0026713
4.08125 -0.0033596
4.08333 -0.0040839
4.08542 -0.0048241
4.0875 -0.0055398
4.08958 -0.0062030
4.09167 -0.0067812
4.09375 -0.0072340
4.09583 -0.0075268
4.09792 -0.0076515
4.1 -0.0075986
4.10208 -0.0073703
4.10417 -0.0069739
4.10625 -0.0064200
4.10833 -0.0057603
4.11042 -0.0050240
4.1125 -0.0042462
4.11458 -0.0034782
4.11667 -0.0027467
4.11875 -0.0020762
4.12083 -0.0014878
4.12292 -0.0009898
4.125 -0.0005928
4.12708 -0.0003082
4.12917 -0.0001225
4.13125 -0.0000342
4.13333 -0.0000401
4.13542 -0.0001337
4.1375 -0.0003175
4.13958 -0.0005905
4.14167 -0.0009552
4.14375 -0.0013942
4.14583 -0.0019190
4.14792 -0.0025266
4.15 -0.0032155
4.15208 -0.0039552
4.15417 -0.0047280
4.15625 -0.0055033
4.15833 -0.0062301
4.16042 -0.0068836
4.1625 -0.0074391
4.16458 -0.0078534
4.16667 -0.0081046
4.16875 -0.0081805
4.17083 -0.0080751
4.17292 -0.0077907
4.175 -0.0073529
4.17708 -0.0068100
4.17917 -0.0061528
4.18125 -0.0054087
4.18333 -0.0046321
4.18542 -0.0038651
4.1875 -0.0031396
4.18958 -0.0024749
4.19167 -0.0018928
4.19375 -0.0014056
4.19583 -0.0010250
4.19792 -0.0007524
4.2 -0.0005760
4.20208 -0.0004961
4.20417 -0.0005140
4.20625 -0.0006265
4.20833 -0.0008297
4.21042 -0.0011237
4.2125 -0.0015141
4.21458 -0.0019943
4.21667 -0.0025646
4.21875 -0.0032034
4.22083 -0.0039083
4.22292 -0.0046763
4.225 -0.0054640
4.22708 -0.0062445
4.22917 -0.0069754
4.23125 -0.0076254
4.23333 -0.0081624
4.23542 -0.0085548
4.2375 -0.0087792
4.23958 -0.0088199
4.24167 -0.0086713
4.24375 -0.0083351
4.24583 -0.0078198
4.24792 -0.0071528
4.25 -0.0063825
4.25208 -0.0055721
4.25417 -0.0047528
4.25625 -0.0039540
4.25833 -0.0032087
4.26042 -0.0025376
4.2625 -0.0019610
4.26458 -0.0014883
4.26667 -0.0011251
4.26875 -0.0008697
4.27083 -0.0007092
4.27292 -0.0006439
4.275 -0.0006701
4.27708 -0.0007866
4.27917 -0.0009923
4.28125 -0.0012904
4.28333 -0.0016861
4.28542 -0.0021707
4.2875 -0.0027600
4.28958 -0.0034421
4.29167 -0.0041882
4.29375 -0.0049780
4.29583 -0.0058017
4.29792 -0.0065850
4.3 -0.0073128
4.30208 -0.0079421
4.30417 -0.0084330
4.30625 -0.0087521
4.30833 -0.0088868
4.31042 -0.0088233
4.3125 -0.0085677
4.31458 -0.0081370
4.31667 -0.0075643
4.31875 -0.0068670
4.32083 -0.0060975
4.32292 -0.0052754
4.325 -0.0044539
4.32708 -0.0036734
4.32917 -0.0029591
4.33125 -0.0023272
4.33333 -0.0017926
4.33542 -0.0013570
4.3375 -0.0010264
4.33958 -0.0007945
4.34167 -0.0006538
4.34375 -0.0005977
4.34583 -0.0006265
4.34792 -0.0007510
4.35 -0.0009715
4.35208 -0.0012993
4.35417 -0.0017298
4.35625 -0.0022674
4.35833 -0.0029076
4.36042 -0.0036374
4.3625 -0.0044302
4.36458 -0.0052661
4.36667 -0.0061053
4.36875 -0.0069017
4.37083 -0.0076136
4.37292 -0.0082182
4.375 -0.0086701
4.37708 -0.0089451
4.37917 -0.0090265
4.38125 -0.0089111
4.38333 -0.0086061
4.38542 -0.0081327
4.3875 -0.0075121
4.38958 -0.0067870
4.39167 -0.0059973
4.39375 -0.0051989
4.39583 -0.0044126
4.39792 -0.0036662
4.4 -0.0029886
4.40208 -0.0024007
4.40417 -0.0019116
4.40625 -0.0015191
4.40833 -0.0012227
4.41042 -0.0010216
4.4125 -0.0009131
4.41458 -0.0009024
4.41667 -0.0009886
4.41875 -0.0011768
4.42083 -0.0014787
4.42292 -0.0018777
4.425 -0.0023856
4.42708 -0.0030011
4.42917 -0.0037139
4.43125 -0.0045049
4.43333 -0.0053493
4.43542 -0.0062089
4.4375 -0.0070509
4.43958 -0.0078315
4.44167 -0.0085198
4.44375 -0.0090643
4.44583 -0.0094398
4.44792 -0.0096236
4.45 -0.0096037
4.45208 -0.0093826
4.45417 -0.0089763
4.45625 -0.0084048
4.45833 -0.0077067
4.46042 -0.0069239
4.4625 -0.0061016
4.46458 -0.0052863
4.46667 -0.0045134
4.46875 -0.0038059
4.47083 -0.0031814
4.47292 -0.0026568
4.475 -0.0022360
4.47708 -0.0019135
4.47917 -0.0016920
4.48125 -0.0015601
4.48333 -0.0015105
4.48542 -0.0015399
4.4875 -0.0016581
4.48958 -0.0018571
4.49167 -0.0021661
4.49375 -0.0025824
4.49583 -0.0031077
4.49792 -0.0037410
4.5 -0.0044756
4.50208 -0.0052882
4.50417 -0.0061480
4.50625 -0.0070137
4.50833 -0.0078496
4.51042 -0.0086154
4.5125 -0.0092654
4.51458 -0.0097493
4.51667 -0.0100384
4.51875 -0.0101166
4.52083 -0.0099821
4.52292 -0.0096384
4.525 -0.0091048
4.52708 -0.0084288
4.52917 -0.0076345
4.53125 -0.0067700
4.53333 -0.0058725
4.53542 -0.0049873
4.5375 -0.0041508
4.53958 -0.0033914
4.54167 -0.0027373
4.54375 -0.0021725
4.54583 -0.0017284
4.54792 -0.0013887
4.55 -0.0011385
4.55208 -0.0009812
4.55417 -0.0009264
4.55625 -0.0009678
4.55833 -0.0011234
4.56042 -0.0013948
4.5625 -0.0017842
4.56458 -0.0023076
4.56667 -0.0029420
4.56875 -0.0036831
4.57083 -0.0045165
4.57292 -0.0054164
4.575 -0.0063431
4.57708 -0.0072529
4.57917 -0.0080954
4.58125 -0.0088474
4.58333 -0.0094340
4.58542 -0.0098335
4.5875 -0.0100228
4.58958 -0.0099821
4.59167 -0.0097177
4.59375 -0.0092530
4.59583 -0.0086165
4.59792 -0.0078348
4.6 -0.0069622
4.60208 -0.0060504
4.60417 -0.0051451
4.60625 -0.0042776
4.60833 -0.0034781
4.61042 -0.0027678
4.6125 -0.0021643
4.61458 -0.0016614
4.61667 -0.0012752
4.61875 -0.0009905
4.62083 -0.0008114
4.62292 -0.0007250
4.625 -0.0007321
4.62708 -0.0008280
4.62917 -0.0010304
4.63125 -0.0013673
4.63333 -0.0018350
4.63542 -0.0024230
4.6375 -0.0031420
4.63958 -0.0039587
4.64167 -0.0048546
4.64375 -0.0057991
4.64583 -0.0067569
4.64792 -0.0076769
4.65 -0.0085066
4.65208 -0.0092173
4.65417 -0.0097463
4.65625 -0.0100695
4.65833 -0.0101638
4.66042 -0.0100301
4.6625 -0.0096812
4.66458 -0.0091273
4.66667 -0.0083993
4.66875 -0.0075574
4.67083 -0.0066561
4.67292 -0.0057367
4.675 -0.0048384
4.67708 -0.0039966
4.67917 -0.0032380
4.68125 -0.0025770
4.68333 -0.0020229
4.68542 -0.0015849
4.6875 -0.0012633
4.68958 -0.0010288
4.69167 -0.0009073
4.69375 -0.0008724
4.69583 -0.0009452
4.69792 -0.0011275
4.7 -0.0014218
4.70208 -0.0018328
4.70417 -0.0023594
4.70625 -0.0030063
4.70833 -0.0037783
4.71042 -0.0046532
4.7125 -0.0056001
4.71458 -0.0065784
4.71667 -0.0075454
4.71875 -0.0084473
4.72083 -0.0092431
4.72292 -0.0098825
4.725 -0.0103238
4.72708 -0.0105364
4.72917 -0.0105108
4.73125 -0.0102485
4.73333 -0.0097694
4.73542 -0.0091182
4.7375 -0.0083278
4.73958 -0.0074332
4.74167 -0.0064722
4.74375 -0.0055079
4.74583 -0.0045807
4.74792 -0.0037286
4.75 -0.0029818
4.75208 -0.0023502
4.75417 -0.0018382
4.75625 -0.0014400
4.75833 -0.0011625
4.76042 -0.0009800
4.7625 -0.0009082
4.76458 -0.0009310
4.76667 -0.0010547
4.76875 -0.0012905
4.77083 -0.0016471
4.77292 -0.0021158
4.775 -0.0027127
4.77708 -0.0034268
4.77917 -0.0042517
4.78125 -0.0051591
4.78333 -0.0061071
4.78542 -0.0070630
4.7875 -0.0079795
4.78958 -0.0088138
4.79167 -0.0095094
4.79375 -0.0100230
4.79583 -0.0103209
4.79792 -0.0103874
4.8 -0.0102189
4.80208 -0.0098213
4.80417 -0.0092181
4.80625 -0.0084496
4.80833 -0.0075488
4.81042 -0.0065941
4.8125 -0.0056427
4.81458 -0.0047203
4.81667 -0.0038588
4.81875 -0.0030841
4.82083 -0.0024092
4.82292 -0.0018421
4.825 -0.0013903
4.82708 -0.0010457
4.82917 -0.0007854
4.83125 -0.0006332
4.83333 -0.0005821
4.83542 -0.0006281
4.8375 -0.0007795
4.83958 -0.0010568
4.84167 -0.0014419
4.84375 -0.0019690
4.84583 -0.0026315
4.84792 -0.0034210
4.85 -0.0043146
4.85208 -0.0052824
4.85417 -0.0062861
4.85625 -0.0072788
4.85833 -0.0082097
4.86042 -0.0090182
4.8625 -0.0096526
4.86458 -0.0100784
4.86667 -0.0102667
4.86875 -0.0102068
4.87083 -0.0099079
4.87292 -0.0093938
4.875 -0.0086992
4.87708 -0.0078617
4.87917 -0.0069424
4.88125 -0.0059666
4.88333 -0.0049941
4.88542 -0.0040765
4.8875 -0.0032456
4.88958 -0.0025169
4.89167 -0.0019022
4.89375 -0.0014066
4.89583 -0.0010343
4.89792 -0.0007615
4.9 -0.0005920
4.90208 -0.0005163
4.90417 -0.0005373
4.90625 -0.0006708
4.90833 -0.0009105
4.91042 -0.0012542
4.9125 -0.0017390
4.91458 -0.0023583
4.91667 -0.0031136
4.91875 -0.0039923
4.92083 -0.0049544
4.92292 -0.0059704
4.925 -0.0069966
4.92708 -0.0079831
4.92917 -0.0088746
4.93125 -0.0096206
4.93333 -0.0101799
4.93542 -0.0105096
4.9375 -0.0105837
4.93958 -0.0104038
4.94167 -0.0099863
4.94375 -0.0093548
4.94583 -0.0085565
4.94792 -0.0076477
4.95 -0.0066748
4.95208 -0.0056989
4.95417 -0.0047543
4.95625 -0.0038780
4.95833 -0.0030955
4.96042 -0.0024272
4.9625 -0.0018714
4.96458 -0.0014350
4.96667 -0.0011135
4.96875 -0.0008931
4.97083 -0.0007686
4.97292 -0.0007432
4.975 -0.0008143
4.97708 -0.0009884
4.97917 -0.0013023
4.98125 -0.0017526
4.98333 -0.0023188
4.98542 -0.0030068
4.9875 -0.0038105
4.98958 -0.0047205
4.99167 -0.0057053
4.99375 -0.0067217
4.99583 -0.0077323
4.99792 -0.0086812
