0.00243056 0.0000001
0.00520834 -0.0000041
0.00798611 -0.0000238
0.0107639 -0.0000413
0.0135417 -0.0000872
0.0163195 -0.0001323
0.0190972 -0.0001782
0.021875 -0.0002287
0.0246528 -0.0002765
0.0274306 -0.0003324
0.0302083 -0.0003964
0.0329861 -0.0004672
0.0357639 -0.0005426
0.0385417 -0.0006291
0.0413194 -0.0007220
0.0440972 -0.0008254
0.046875 -0.0009539
0.0496528 -0.0010822
0.0524306 -0.0012280
0.0552083 -0.0013950
0.0579861 -0.0015677
0.0607639 -0.0017495
0.0635417 -0.0019333
0.0663195 -0.0021317
0.0690972 -0.0023333
0.071875 -0.0025257
0.0746528 -0.0027163
0.0774306 -0.0028815
0.0802083 -0.0030103
0.0829861 -0.0031181
0.0857639 -0.0031993
0.0885417 -0.0032433
0.0913195 -0.0032561
0.0940972 -0.0032445
0.096875 -0.0032341
0.0996528 -0.0031949
0.102431 -0.0031755
0.105208 -0.0031751
0.107986 -0.0032107
0.110764 -0.0033011
0.113542 -0.0034477
0.116319 -0.0036586
0.119097 -0.0039294
0.121875 -0.0042489
0.124653 -0.0046310
0.127431 -0.0050451
0.130208 -0.0054767
0.132986 -0.0059326
0.135764 -0.0063927
0.138542 -0.0068340
0.141319 -0.0072497
0.144097 -0.0076388
0.146875 -0.0079908
0.149653 -0.0082873
0.152431 -0.0085356
0.155208 -0.0087168
0.157986 -0.0088394
0.160764 -0.0089149
0.163542 -0.0089530
0.166319 -0.0089912
0.169097 -0.0090044
0.171875 -0.0090355
0.174653 -0.0091094
0.177431 -0.0092172
0.180208 -0.0094013
0.182986 -0.0096561
0.185764 -0.0099953
0.188542 -0.0104329
0.191319 -0.0109443
0.194097 -0.0115358
0.196875 -0.0121840
0.199653 -0.0128858
0.202431 -0.0136194
0.205208 -0.0143576
0.207986 -0.0150778
0.210764 -0.0157654
0.213542 -0.0163908
0.216319 -0.0169394
0.219097 -0.0173882
0.221875 -0.0177526
0.224653 -0.0180148
0.227431 -0.0181878
0.230208 -0.0182819
0.232986 -0.0183180
0.235764 -0.0183213
0.238542 -0.0183014
0.241319 -0.0183086
0.244097 -0.0183735
0.246875 -0.0185294
0.249653 -0.0187960
0.252431 -0.0191768
0.255208 -0.0196874
0.257986 -0.0203145
0.260764 -0.0210598
0.263542 -0.0219059
0.266319 -0.0228265
0.269097 -0.0238064
0.271875 -0.0248216
0.274653 -0.0258248
0.277431 -0.0267872
0.280208 -0.0276821
0.282986 -0.0284788
0.285764 -0.0291606
0.288542 -0.0297132
0.291319 -0.0301272
0.294097 -0.0304157
0.296875 -0.0305791
0.299653 -0.0306361
0.302431 -0.0306098
0.305208 -0.0305376
0.307986 -0.0304545
0.310764 -0.0303927
0.313542 -0.0304124
0.316319 -0.0305242
0.319097 -0.0307484
0.321875 -0.0311319
0.324653 -0.0316609
0.327431 -0.0323670
0.330208 -0.0332191
0.332986 -0.0341966
0.335764 -0.0352823
0.338542 -0.0364281
0.341319 -0.0376248
0.344097 -0.0388189
0.346875 -0.0399710
0.349653 -0.0410322
0.352431 -0.0419946
0.355208 -0.0428012
0.357986 -0.0434544
0.360764 -0.0439312
0.363542 -0.0442372
0.366319 -0.0443885
0.369097 -0.0444021
0.371875 -0.0443186
0.374653 -0.0441744
0.377431 -0.0440243
0.380208 -0.0439132
0.382986 -0.0438926
0.385764 -0.0439882
0.388542 -0.0442439
0.391319 -0.0446871
0.394097 -0.0453231
0.396875 -0.0461419
0.399653 -0.0471405
0.402431 -0.0483066
0.405208 -0.0496091
0.407986 -0.0510154
0.410764 -0.0524820
0.413542 -0.0539603
0.416319 -0.0553990
0.419097 -0.0567472
0.421875 -0.0579771
0.424653 -0.0590345
0.427431 -0.0598991
0.430208 -0.0605670
0.432986 -0.0610098
0.435764 -0.0612598
0.438542 -0.0613543
0.441319 -0.0613067
0.444097 -0.0611861
0.446875 -0.0610402
0.449653 -0.0609270
0.452431 -0.0609101
0.455208 -0.0610292
0.457986 -0.0613285
0.460764 -0.0618443
0.463542 -0.0625788
0.466319 -0.0635490
0.469097 -0.0647549
0.471875 -0.0661562
0.474653 -0.0677187
0.477431 -0.0694157
0.480208 -0.0711862
0.482986 -0.0729658
0.485764 -0.0747165
0.488542 -0.0763516
0.491319 -0.0778398
0.494097 -0.0791161
0.496875 -0.0801565
0.499653 -0.0809456
0.502431 -0.0814745
0.505208 -0.0817797
0.507986 -0.0818898
0.510764 -0.0818536
0.513542 -0.0817211
0.516319 -0.0815650
0.519097 -0.0814372
0.521875 -0.0813941
0.524653 -0.0815065
0.527431 -0.0818167
0.530208 -0.0823671
0.532986 -0.0831728
0.535764 -0.0842400
0.538542 -0.0855750
0.541319 -0.0871392
0.544097 -0.0889001
0.546875 -0.0908031
0.549653 -0.0927935
0.552431 -0.0947895
0.555208 -0.0967411
0.557986 -0.0985675
0.560764 -0.1002148
0.563542 -0.1016286
0.566319 -0.1028021
0.569097 -0.1036614
0.571875 -0.1042401
0.574653 -0.1045304
0.577431 -0.1046025
0.580208 -0.1044917
0.582986 -0.1042576
0.585764 -0.1039788
0.588542 -0.1037321
0.591319 -0.1035809
0.594097 -0.1036055
0.596875 -0.1038556
0.599653 -0.1043750
0.602431 -0.1051833
0.605208 -0.1062874
0.607986 -0.1076913
0.610764 -0.1093598
0.613542 -0.1112604
0.616319 -0.1133310
0.619097 -0.1155221
0.621875 -0.1177501
0.624653 -0.1199304
0.627431 -0.1219893
0.630208 -0.1238447
0.632986 -0.1254452
0.635764 -0.1267403
0.638542 -0.1276934
0.641319 -0.1283325
0.644097 -0.1286551
0.646875 -0.1287114
0.649653 -0.1285767
0.652431 -0.1283022
0.655208 -0.1279927
0.657986 -0.1277125
0.660764 -0.1275337
0.663542 -0.1275427
0.666319 -0.1278218
0.669097 -0.1283852
0.671875 -0.1292850
0.674653 -0.1305126
0.677431 -0.1320740
0.680208 -0.1339492
0.682986 -0.1360841
0.685764 -0.1384240
0.688542 -0.1408999
0.691319 -0.1434222
0.694097 -0.1459107
0.696875 -0.1482608
0.699653 -0.1503986
0.702431 -0.1522588
0.705208 -0.1537801
0.707986 -0.1549335
0.710764 -0.1557198
0.713542 -0.1561528
0.716319 -0.1562759
0.719097 -0.1561608
0.721875 -0.1559028
0.724653 -0.1555787
0.727431 -0.1552932
0.730208 -0.1551279
0.732986 -0.1551761
0.735764 -0.1555064
0.738542 -0.1561556
0.741319 -0.1571601
0.744097 -0.1585283
0.746875 -0.1602477
0.749653 -0.1622923
0.752431 -0.1646218
0.755208 -0.1671603
0.757986 -0.1698481
0.760764 -0.1725770
0.763542 -0.1752626
0.766319 -0.1778102
0.769097 -0.1801491
0.771875 -0.1821957
0.774653 -0.1838881
0.777431 -0.1851753
0.780208 -0.1860466
0.782986 -0.1865440
0.785764 -0.1866751
0.788542 -0.1865470
0.791319 -0.1862283
0.794097 -0.1858183
0.796875 -0.1854316
0.799653 -0.1851510
0.802431 -0.1850722
0.805208 -0.1852823
0.807986 -0.1858461
0.810764 -0.1867791
0.813542 -0.1881286
0.816319 -0.1898633
0.819097 -0.1919755
0.821875 -0.1944174
0.824653 -0.1971181
0.827431 -0.2000044
0.830208 -0.2029813
0.832986 -0.2059099
0.835764 -0.2087202
0.838542 -0.2112823
0.841319 -0.2135095
0.844097 -0.2153256
0.846875 -0.2166774
0.849653 -0.2175659
0.852431 -0.2180211
0.855208 -0.2180736
0.857986 -0.2178272
0.860764 -0.2173670
0.863542 -0.2168129
0.866319 -0.2162795
0.869097 -0.2158768
0.871875 -0.2156977
0.874653 -0.2158330
0.877431 -0.2163493
0.880208 -0.2172816
0.882986 -0.2186595
0.885764 -0.2204544
0.888542 -0.2226486
0.891319 -0.2252026
0.894097 -0.2280259
0.896875 -0.2310380
0.899653 -0.2341381
0.902431 -0.2372214
0.905208 -0.2401725
0.907986 -0.2428899
0.910764 -0.2452673
0.913542 -0.2472407
0.916319 -0.2487442
0.919097 -0.2497665
0.921875 -0.2503334
0.924653 -0.2505072
0.927431 -0.2503407
0.930208 -0.2499541
0.932986 -0.2494501
0.935764 -0.2489477
0.938542 -0.2485581
0.941319 -0.2483967
0.944097 -0.2485539
0.946875 -0.2491065
0.949653 -0.2500937
0.952431 -0.2515380
0.955208 -0.2534282
0.957986 -0.2557538
0.960764 -0.2584651
0.963542 -0.2614816
0.966319 -0.2647106
0.969097 -0.2680634
0.971875 -0.2714279
0.974653 -0.2746557
0.977431 -0.2776459
0.980208 -0.2802744
0.982986 -0.2824835
0.985764 -0.2842022
0.988542 -0.2853718
0.991319 -0.2860603
0.994097 -0.2863025
0.996875 -0.2861738
0.999653 -0.2857832
1.00243 -0.2852620
1.00521 -0.2847402
1.00799 -0.2843332
1.01076 -0.2841481
1.01354 -0.2842937
1.01632 -0.2848511
1.0191 -0.2858562
1.02188 -0.2873400
1.02465 -0.2893182
1.02743 -0.2917442
1.03021 -0.2945819
1.03299 -0.2977463
1.03576 -0.3011523
1.03854 -0.3046946
1.04132 -0.3082624
1.0441 -0.3117009
1.04688 -0.3148994
1.04965 -0.3177417
1.05243 -0.3201233
1.05521 -0.3219814
1.05799 -0.3232853
1.06076 -0.3240519
1.06354 -0.3243327
1.06632 -0.3242078
1.0691 -0.3238052
1.07188 -0.3232458
1.07465 -0.3226676
1.07743 -0.3221905
1.08021 -0.3219440
1.08299 -0.3220295
1.08576 -0.3225254
1.08854 -0.3234975
1.09132 -0.3249506
1.0941 -0.3269180
1.09688 -0.3293463
1.09965 -0.3322140
1.10243 -0.3354504
1.10521 -0.3389574
1.10799 -0.3426155
1.11076 -0.3463211
1.11354 -0.3499263
1.11632 -0.3532912
1.1191 -0.3562927
1.12188 -0.3588090
1.12465 -0.3607872
1.12743 -0.3621743
1.13021 -0.3629771
1.13299 -0.3632518
1.13576 -0.3630886
1.13854 -0.3625964
1.14132 -0.3619253
1.1441 -0.3612096
1.14688 -0.3605927
1.14965 -0.3602245
1.15243 -0.3601924
1.15521 -0.3605899
1.15799 -0.3615064
1.16076 -0.3629332
1.16354 -0.3649206
1.16632 -0.3674360
1.1691 -0.3704254
1.17188 -0.3738273
1.17465 -0.3775409
1.17743 -0.3814480
1.18021 -0.3854020
1.18299 -0.3892547
1.18576 -0.3928708
1.18854 -0.3961057
1.19132 -0.3988368
1.1941 -0.4010064
1.19688 -0.4025464
1.19965 -0.4034809
1.20243 -0.4038546
1.20521 -0.4037390
1.20799 -0.4032791
1.21076 -0.4026200
1.21354 -0.4019012
1.21632 -0.4012806
1.2191 -0.4009110
1.22188 -0.4008940
1.22465 -0.4013253
1.22743 -0.4022844
1.23021 -0.4037982
1.23299 -0.4058828
1.23576 -0.4085030
1.23854 -0.4116200
1.24132 -0.4151597
1.2441 -0.4190341
1.24688 -0.4231226
1.24965 -0.4273104
1.25243 -0.4314004
1.25521 -0.4352588
1.25799 -0.4387508
1.26076 -0.4417323
1.26354 -0.4441127
1.26632 -0.4458356
1.2691 -0.4469143
1.27188 -0.4473826
1.27465 -0.4473472
1.27743 -0.4469090
1.28021 -0.4462378
1.28299 -0.4454753
1.28576 -0.4447933
1.28854 -0.4443407
1.29132 -0.4442397
1.2941 -0.4445956
1.29688 -0.4454967
1.29965 -0.4469652
1.30243 -0.4490225
1.30521 -0.4516691
1.30799 -0.4548457
1.31076 -0.4584840
1.31354 -0.4625056
1.31632 -0.4667671
1.3191 -0.4711239
1.32188 -0.4754258
1.32465 -0.4794932
1.32743 -0.4831689
1.33021 -0.4863216
1.33299 -0.4888373
1.33576 -0.4906482
1.33854 -0.4917575
1.34132 -0.4922009
1.3441 -0.4921034
1.34688 -0.4915677
1.34965 -0.4907527
1.35243 -0.4898453
1.35521 -0.4890119
1.35799 -0.4884030
1.36076 -0.4881680
1.36354 -0.4884107
1.36632 -0.4892189
1.3691 -0.4906323
1.37188 -0.4926462
1.37465 -0.4952749
1.37743 -0.4984673
1.38021 -0.5021396
1.38299 -0.5061885
1.38576 -0.5105132
1.38854 -0.5149352
1.39132 -0.5193068
1.3941 -0.5234634
1.39688 -0.5272263
1.39965 -0.5304627
1.40243 -0.5330572
1.40521 -0.5349483
1.40799 -0.5361181
1.41076 -0.5366057
1.41354 -0.5365171
1.41632 -0.5359921
1.4191 -0.5351732
1.42188 -0.5342501
1.42465 -0.5333791
1.42743 -0.5327353
1.43021 -0.5324716
1.43299 -0.5326850
1.43576 -0.5334735
1.43854 -0.5348889
1.44132 -0.5369444
1.4441 -0.5396525
1.44688 -0.5429555
1.44965 -0.5467836
1.45243 -0.5510394
1.45521 -0.5555929
1.45799 -0.5602799
1.46076 -0.5649383
1.46354 -0.5693783
1.46632 -0.5734283
1.4691 -0.5769302
1.47188 -0.5797556
1.47465 -0.5818240
1.47743 -0.5831311
1.48021 -0.5837003
1.48299 -0.5836386
1.48576 -0.5830849
1.48854 -0.5822178
1.49132 -0.5812334
1.4941 -0.5803115
1.49688 -0.5796361
1.49965 -0.5793445
1.50243 -0.5795667
1.50521 -0.5803772
1.50799 -0.5818373
1.51076 -0.5839593
1.51354 -0.5867442
1.51632 -0.5901552
1.5191 -0.5941187
1.52188 -0.5985183
1.52465 -0.6032389
1.52743 -0.6081037
1.53021 -0.6129425
1.53299 -0.6175780
1.53576 -0.6218205
1.53854 -0.6255113
1.54132 -0.6285153
1.5441 -0.6307558
1.54688 -0.6321855
1.54965 -0.6328529
1.55243 -0.6328377
1.55521 -0.6323027
1.55799 -0.6314106
1.56076 -0.6303608
1.56354 -0.6293566
1.56632 -0.6285785
1.5691 -0.6281823
1.57188 -0.6282932
1.57465 -0.6290119
1.57743 -0.6303911
1.58021 -0.6324689
1.58299 -0.6352226
1.58576 -0.6386275
1.58854 -0.6426073
1.59132 -0.6470519
1.5941 -0.6518373
1.59688 -0.6568082
1.59965 -0.6617894
1.60243 -0.6665721
1.60521 -0.6709644
1.60799 -0.6747995
1.61076 -0.6779196
1.61354 -0.6802354
1.61632 -0.6816963
1.6191 -0.6823359
1.62188 -0.6822580
1.62465 -0.6815962
1.62743 -0.6805423
1.63021 -0.6792926
1.63299 -0.6780815
1.63576 -0.6770866
1.63854 -0.6764862
1.64132 -0.6764097
1.6441 -0.6769693
1.64688 -0.6782298
1.64965 -0.6802246
1.65243 -0.6829404
1.65521 -0.6863534
1.65799 -0.6903911
1.66076 -0.6949452
1.66354 -0.6998993
1.66632 -0.7050728
1.6691 -0.7102933
1.67188 -0.7153461
1.67465 -0.7200185
1.67743 -0.7241173
1.68021 -0.7274944
1.68299 -0.7300312
1.68576 -0.7316745
1.68854 -0.7324741
1.69132 -0.7324845
1.6941 -0.7318902
1.69688 -0.7308655
1.69965 -0.7296214
1.70243 -0.7283895
1.70521 -0.7273685
1.70799 -0.7267411
1.71076 -0.7266534
1.71354 -0.7272187
1.71632 -0.7285067
1.7191 -0.7305316
1.72188 -0.7333153
1.72465 -0.7368105
1.72743 -0.7409599
1.73021 -0.7456723
1.73299 -0.7508032
1.73576 -0.7561846
1.73854 -0.7616189
1.74132 -0.7669023
1.7441 -0.7718330
1.74688 -0.7761988
1.74965 -0.7798425
1.75243 -0.7826514
1.75521 -0.7845496
1.75799 -0.7855599
1.76076 -0.7857480
1.76354 -0.7852802
1.76632 -0.7843395
1.7691 -0.7831422
1.77188 -0.7819067
1.77465 -0.7808595
1.77743 -0.7801751
1.78021 -0.7800264
1.78299 -0.7805263
1.78576 -0.7817634
1.78854 -0.7837654
1.79132 -0.7865503
1.7941 -0.7900706
1.79688 -0.7942838
1.79965 -0.7990770
1.80243 -0.8043210
1.80521 -0.8098584
1.80799 -0.8155044
1.81076 -0.8210150
1.81354 -0.8261770
1.81632 -0.8307808
1.8191 -0.8346224
1.82188 -0.8375830
1.82465 -0.8395874
1.82743 -0.8406646
1.83021 -0.8408902
1.83299 -0.8403977
1.83576 -0.8393981
1.83854 -0.8381039
1.84132 -0.8367552
1.8441 -0.8355823
1.84688 -0.8347850
1.84965 -0.8345136
1.85243 -0.8349028
1.85521 -0.8360253
1.85799 -0.8379280
1.86076 -0.8406350
1.86354 -0.8440999
1.86632 -0.8482825
1.8691 -0.8530743
1.87188 -0.8583488
1.87465 -0.8639410
1.87743 -0.8696481
1.88021 -0.8752386
1.88299 -0.8804907
1.88576 -0.8851842
1.88854 -0.8891380
1.89132 -0.8921986
1.8941 -0.8942845
1.89688 -0.8954101
1.89965 -0.8956349
1.90243 -0.8950950
1.90521 -0.8940224
1.90799 -0.8926345
1.91076 -0.8911819
1.91354 -0.8898922
1.91632 -0.8889625
1.9191 -0.8885615
1.92188 -0.8888373
1.92465 -0.8898658
1.92743 -0.8916853
1.93021 -0.8943359
1.93299 -0.8977780
1.93576 -0.9019590
1.93854 -0.9067996
1.94132 -0.9121612
1.9441 -0.9178821
1.94688 -0.9237765
1.94965 -0.9295925
1.95243 -0.9351059
1.95521 -0.9400773
1.95799 -0.9442922
1.96076 -0.9476023
1.96354 -0.9499153
1.96632 -0.9512165
1.9691 -0.9516054
1.97188 -0.9512052
1.97465 -0.9502211
1.97743 -0.9488724
1.98021 -0.9474237
1.98299 -0.9461027
1.98576 -0.9451165
1.98854 -0.9446641
1.99132 -0.9448899
1.9941 -0.9458933
1.99688 -0.9477177
1.99965 -0.9504029
2.00243 -0.9539189
2.00521 -0.9582069
2.00799 -0.9631923
2.01076 -0.9687327
2.01354 -0.9746733
2.01632 -0.9808064
2.0191 -0.9869014
2.02188 -0.9926997
2.02465 -0.9979556
2.02743 -1.0024529
2.03021 -1.0060298
2.03299 -1.0085683
2.03576 -1.0100602
2.03854 -1.0105633
2.04132 -1.0102226
2.0441 -1.0092325
2.04688 -1.0078635
2.04965 -1.0063648
2.05243 -1.0049993
2.05521 -1.0039869
2.05799 -1.0035121
2.06076 -1.0037194
2.06354 -1.0047169
2.06632 -1.0065247
2.0691 -1.0091881
2.07188 -1.0127036
2.07465 -1.0169898
2.07743 -1.0219835
2.08021 -1.0275557
2.08299 -1.0335467
2.08576 -1.0397445
2.08854 -1.0459365
2.09132 -1.0518632
2.0941 -1.0572722
2.09688 -1.0619343
2.09965 -1.0656568
2.10243 -1.0683356
2.10521 -1.0699361
2.10799 -1.0705099
2.11076 -1.0702075
2.11354 -1.0692046
2.11632 -1.0677694
2.1191 -1.0661549
2.12188 -1.0646181
2.12465 -1.0634057
2.12743 -1.0627118
2.13021 -1.0626926
2.13299 -1.0634683
2.13576 -1.0650978
2.13854 -1.0675910
2.14132 -1.0709592
2.1441 -1.0751542
2.14688 -1.0801054
2.14965 -1.0856903
2.15243 -1.0917322
2.15521 -1.0980254
2.15799 -1.1043458
2.16076 -1.1104330
2.16354 -1.1160401
2.16632 -1.1209205
2.1691 -1.1248707
2.17188 -1.1277709
2.17465 -1.1295683
2.17743 -1.1303081
2.18021 -1.1301280
2.18299 -1.1292261
2.18576 -1.1278589
2.18854 -1.1262789
2.19132 -1.1247726
2.1941 -1.1235618
2.19688 -1.1228723
2.19965 -1.1228767
2.20243 -1.1236500
2.20521 -1.1253152
2.20799 -1.1278672
2.21076 -1.1313090
2.21354 -1.1356017
2.21632 -1.1406708
2.2191 -1.1463987
2.22188 -1.1526306
2.22465 -1.1591657
2.22743 -1.1657959
2.23021 -1.1722305
2.23299 -1.1782043
2.23576 -1.1834627
2.23854 -1.1877801
2.24132 -1.1910130
2.2441 -1.1931057
2.24688 -1.1940987
2.24965 -1.1941060
2.25243 -1.1933534
2.25521 -1.1920818
2.25799 -1.1905708
2.26076 -1.1890913
2.26354 -1.1879054
2.26632 -1.1872398
2.2691 -1.1872569
2.27188 -1.1880661
2.27465 -1.1897565
2.27743 -1.1923598
2.28021 -1.1958850
2.28299 -1.2002898
2.28576 -1.2055150
2.28854 -1.2114327
2.29132 -1.2179170
2.2941 -1.2247381
2.29688 -1.2316686
2.29965 -1.2384229
2.30243 -1.2447163
2.30521 -1.2502988
2.30799 -1.2549388
2.31076 -1.2584652
2.31354 -1.2608037
2.31632 -1.2619831
2.3191 -1.2621342
2.32188 -1.2614519
2.32465 -1.2601848
2.32743 -1.2586215
2.33021 -1.2570621
2.33299 -1.2557632
2.33576 -1.2549765
2.33854 -1.2548683
2.34132 -1.2555612
2.3441 -1.2571831
2.34688 -1.2597311
2.34965 -1.2632408
2.35243 -1.2676715
2.35521 -1.2729497
2.35799 -1.2789643
2.36076 -1.2855625
2.36354 -1.2925354
2.36632 -1.2996295
2.3691 -1.3065754
2.37188 -1.3130805
2.37465 -1.3188735
2.37743 -1.3236955
2.38021 -1.3273767
2.38299 -1.3298446
2.38576 -1.3311111
2.38854 -1.3312759
2.39132 -1.3305617
2.3941 -1.3292306
2.39688 -1.3275616
2.39965 -1.3258707
2.40243 -1.3244279
2.40521 -1.3234948
2.40799 -1.3232458
2.41076 -1.3238208
2.41354 -1.3253035
2.41632 -1.3277376
2.4191 -1.3311506
2.42188 -1.3355214
2.42465 -1.3407777
2.42743 -1.3468062
2.43021 -1.3534639
2.43299 -1.3605594
2.43576 -1.3678536
2.43854 -1.3750485
2.44132 -1.3818423
2.4441 -1.3879554
2.44688 -1.3931101
2.44965 -1.3971095
2.45243 -1.3998637
2.45521 -1.4013775
2.45799 -1.4017432
2.46076 -1.4011781
2.46354 -1.3999203
2.46632 -1.3982909
2.4691 -1.3966119
2.47188 -1.3951707
2.47465 -1.3942081
2.47743 -1.3939395
2.48021 -1.3945090
2.48299 -1.3960244
2.48576 -1.3985088
2.48854 -1.4020068
2.49132 -1.4064866
2.4941 -1.4118901
2.49688 -1.4181033
2.49965 -1.4249836
2.50243 -1.4323311
2.50521 -1.4399000
2.50799 -1.4474064
2.51076 -1.4545265
2.51354 -1.4609679
2.51632 -1.4664537
2.5191 -1.4707902
2.52188 -1.4738358
2.52465 -1.4756055
2.52743 -1.4761711
2.53021 -1.4757431
2.53299 -1.4745859
2.53576 -1.4730034
2.53854 -1.4713355
2.54132 -1.4698896
2.5441 -1.4689067
2.54688 -1.4686199
2.54965 -1.4691767
2.55243 -1.4706941
2.55521 -1.4732253
2.55799 -1.4767782
2.56076 -1.4813451
2.56354 -1.4868497
2.56632 -1.4931874
2.5691 -1.5002288
2.57188 -1.5077726
2.57465 -1.5155572
2.57743 -1.5233129
2.58021 -1.5307051
2.58299 -1.5374118
2.58576 -1.5431602
2.58854 -1.5477306
2.59132 -1.5509716
2.5941 -1.5528839
2.59688 -1.5535579
2.59965 -1.5531745
2.60243 -1.5520223
2.60521 -1.5504043
2.60799 -1.5486756
2.61076 -1.5471439
2.61354 -1.5460609
2.61632 -1.5456578
2.6191 -1.5461004
2.62188 -1.5474741
2.62465 -1.5498771
2.62743 -1.5532886
2.63021 -1.5577192
2.63299 -1.5631207
2.63576 -1.5694002
2.63854 -1.5764024
2.64132 -1.5839494
2.6441 -1.5917917
2.64688 -1.5996352
2.64965 -1.6071702
2.65243 -1.6140543
2.65521 -1.6199908
2.65799 -1.6247450
2.66076 -1.6281518
2.66354 -1.6301851
2.66632 -1.6309386
2.6691 -1.6305798
2.67188 -1.6294005
2.67465 -1.6276974
2.67743 -1.6258123
2.68021 -1.6240967
2.68299 -1.6228061
2.68576 -1.6222033
2.68854 -1.6224658
2.69132 -1.6237086
2.6941 -1.6260069
2.69688 -1.6293579
2.69965 -1.6337769
2.70243 -1.6392215
2.70521 -1.6455999
2.70799 -1.6527542
2.71076 -1.6605181
2.71354 -1.6686273
2.71632 -1.6767828
2.7191 -1.6846512
2.72188 -1.6918900
2.72465 -1.6981649
2.72743 -1.7032511
2.73021 -1.7069680
2.73299 -1.7092672
2.73576 -1.7102407
2.73854 -1.7100292
2.74132 -1.7089321
2.7441 -1.7072712
2.74688 -1.7053963
2.74965 -1.7036636
2.75243 -1.7023552
2.75521 -1.7017399
2.75799 -1.7019956
2.76076 -1.7032449
2.76354 -1.7055551
2.76632 -1.7089673
2.7691 -1.7134626
2.77188 -1.7189898
2.77465 -1.7254710
2.77743 -1.7327604
2.78021 -1.7406876
2.78299 -1.7489869
2.78576 -1.7573735
2.78854 -1.7655041
2.79132 -1.7730457
2.7941 -1.7796509
2.79688 -1.7850483
2.79965 -1.7890670
2.80243 -1.7916221
2.80521 -1.7928005
2.80799 -1.7927367
2.81076 -1.7917068
2.81354 -1.7900774
2.81632 -1.7881938
2.8191 -1.7864026
2.82188 -1.7850308
2.82465 -1.7843277
2.82743 -1.7844849
2.83021 -1.7856323
2.83299 -1.7878513
2.83576 -1.7911683
2.83854 -1.7955841
2.84132 -1.8010466
2.8441 -1.8074992
2.84688 -1.8148049
2.84965 -1.8227878
2.85243 -1.8312019
2.85521 -1.8397334
2.85799 -1.8480655
2.86076 -1.8558084
2.86354 -1.8626308
2.86632 -1.8682375
2.8691 -1.8724344
2.87188 -1.8751343
2.87465 -1.8763916
2.87743 -1.8763586
2.88021 -1.8753042
2.88299 -1.8735701
2.88576 -1.8715476
2.88854 -1.8695799
2.89132 -1.8680010
2.8941 -1.8670709
2.89688 -1.8669930
2.89965 -1.8679098
2.90243 -1.8698937
2.90521 -1.8729926
2.90799 -1.8772018
2.91076 -1.8824919
2.91354 -1.8887858
2.91632 -1.8959623
2.9191 -1.9038590
2.92188 -1.9122333
2.92465 -1.9207807
2.92743 -1.9291517
2.93021 -1.9369872
2.93299 -1.9439393
2.93576 -1.9496993
2.93854 -1.9540588
2.94132 -1.9569059
2.9441 -1.9582789
2.94688 -1.9583435
2.94965 -1.9573558
2.95243 -1.9556687
2.95521 -1.9536335
2.95799 -1.9516342
2.96076 -1.9500039
2.96354 -1.9490127
2.96632 -1.9488605
2.9691 -1.9497207
2.97188 -1.9516711
2.97465 -1.9547483
2.97743 -1.9589510
2.98021 -1.9642504
2.98299 -1.9705876
2.98576 -1.9778580
2.98854 -1.9858834
2.99132 -1.9944430
2.9941 -2.0032329
2.99688 -2.0118969
2.99965 -2.0200676
3.00243 -2.0273786
3.00521 -2.0335053
3.00799 -2.0382167
3.01076 -2.0413783
3.01354 -2.0430154
3.01632 -2.0432883
3.0191 -2.0424440
3.02188 -2.0408168
3.02465 -2.0387915
3.02743 -2.0367674
3.03021 -2.0350874
3.03299 -2.0340336
3.03576 -2.0338424
3.03854 -2.0346565
3.04132 -2.0365748
3.0441 -2.0396265
3.04688 -2.0438365
3.04965 -2.0491558
3.05243 -2.0555371
3.05521 -2.0628718
3.05799 -2.0710033
3.06076 -2.0797063
3.06354 -2.0886799
3.06632 -2.0975879
3.0691 -2.1060409
3.07188 -2.1136517
3.07465 -2.1200892
3.07743 -2.1251034
3.08021 -2.1285322
3.08299 -2.1303879
3.08576 -2.1307928
3.08854 -2.1300150
3.09132 -2.1284018
3.0941 -2.1263431
3.09688 -2.1242262
3.09965 -2.1224079
3.10243 -2.1212044
3.10521 -2.1208571
3.10799 -2.1215122
3.11076 -2.1232839
3.11354 -2.1262051
3.11632 -2.1302878
3.1191 -2.1355066
3.12188 -2.1418152
3.12465 -2.1491173
3.12743 -2.1572494
3.13021 -2.1659653
3.13299 -2.1750106
3.13576 -2.1840188
3.13854 -2.1925926
3.14132 -2.2003587
3.1441 -2.2069592
3.14688 -2.2121129
3.14965 -2.2156480
3.15243 -2.2175716
3.15521 -2.2179957
3.15799 -2.2171660
3.16076 -2.2154185
3.16354 -2.2131803
3.16632 -2.2108385
3.1691 -2.2087746
3.17188 -2.2072991
3.17465 -2.2066728
3.17743 -2.2070360
3.18021 -2.2085274
3.18299 -2.2111946
3.18576 -2.2150671
3.18854 -2.2201492
3.19132 -2.2263691
3.1941 -2.2336516
3.19688 -2.2418159
3.19965 -2.2506457
3.20243 -2.2598740
3.20521 -2.2691294
3.20799 -2.2780127
3.21076 -2.2861199
3.21354 -2.2930720
3.21632 -2.2985558
3.2191 -2.3023903
3.22188 -2.3045543
3.22465 -2.3051498
3.22743 -2.3044343
3.23021 -2.3027370
3.23299 -2.3004827
3.23576 -2.2980762
3.23854 -2.2958924
3.24132 -2.2942633
3.2441 -2.2934717
3.24688 -2.2936875
3.24965 -2.2950295
3.25243 -2.2975899
3.25521 -2.3014267
3.25799 -2.3065314
3.26076 -2.3128415
3.26354 -2.3202662
3.26632 -2.3286552
3.2691 -2.3377807
3.27188 -2.3473521
3.27465 -2.3569879
3.27743 -2.3662828
3.28021 -2.3747979
3.28299 -2.3821513
3.28576 -2.3880229
3.28854 -2.3922145
3.29132 -2.3946496
3.2941 -2.3954471
3.29688 -2.3948520
3.29965 -2.3931940
3.30243 -2.3908953
3.30521 -2.3884063
3.30799 -2.3861352
3.31076 -2.3844193
3.31354 -2.3835586
3.31632 -2.3837448
3.3191 -2.3851002
3.32188 -2.3877102
3.32465 -2.3915724
3.32743 -2.3967069
3.33021 -2.4030499
3.33299 -2.4105020
3.33576 -2.4189244
3.33854 -2.4281005
3.34132 -2.4377574
3.3441 -2.4475204
3.34688 -2.4569929
3.34965 -2.4657296
3.35243 -2.4733364
3.35521 -2.4794470
3.35799 -2.4838488
3.36076 -2.4864563
3.36354 -2.4873527
3.36632 -2.4867883
3.3691 -2.4851093
3.37188 -2.4827285
3.37465 -2.4800917
3.37743 -2.4776322
3.38021 -2.4757154
3.38299 -2.4746316
3.38576 -2.4745997
3.38854 -2.4757323
3.39132 -2.4781217
3.3941 -2.4817831
3.39688 -2.4867222
3.39965 -2.4928870
3.40243 -2.5001946
3.40521 -2.5085122
3.40799 -2.5176243
3.41076 -2.5272501
3.41354 -2.5370392
3.41632 -2.5465655
3.4191 -2.5554026
3.42188 -2.5631190
3.42465 -2.5693556
3.42743 -2.5738569
3.43021 -2.5765559
3.43299 -2.5775034
3.43576 -2.5769162
3.43854 -2.5751591
3.44132 -2.5726444
3.4441 -2.5698348
3.44688 -2.5671773
3.44965 -2.5650506
3.45243 -2.5637677
3.45521 -2.5635286
3.45799 -2.5644869
3.46076 -2.5667181
3.46354 -2.5702531
3.46632 -2.5751100
3.4691 -2.5812523
3.47188 -2.5885865
3.47465 -2.5969842
3.47743 -2.6062374
3.48021 -2.6160642
3.48299 -2.6261146
3.48576 -2.6359533
3.48854 -2.6451399
3.49132 -2.6532133
3.4941 -2.6598116
3.49688 -2.6646615
3.49965 -2.6676506
3.50243 -2.6688423
3.50521 -2.6684453
3.50799 -2.6668018
3.51076 -2.6643547
3.51354 -2.6615729
3.51632 -2.6589004
3.5191 -2.6567345
3.52188 -2.6553812
3.52465 -2.6550982
3.52743 -2.6560212
3.53021 -2.6582429
3.53299 -2.6618005
3.53576 -2.6666963
3.53854 -2.6728997
3.54132 -2.6803205
3.5441 -2.6888405
3.54688 -2.6982506
3.54965 -2.7082764
3.55243 -2.7185430
3.55521 -2.7286591
3.55799 -2.7381297
3.56076 -2.7465210
3.56354 -2.7534513
3.56632 -2.7586344
3.5691 -2.7619009
3.57188 -2.7633111
3.57465 -2.7630612
3.57743 -2.7614827
3.58021 -2.7590139
3.58299 -2.7561485
3.58576 -2.7533399
3.58854 -2.7510208
3.59132 -2.7494983
3.5941 -2.7490465
3.59688 -2.7498099
3.59965 -2.7518966
3.60243 -2.7553230
3.60521 -2.7600955
3.60799 -2.7661863
3.61076 -2.7735166
3.61354 -2.7819736
3.61632 -2.7913620
3.6191 -2.8014142
3.62188 -2.8117715
3.62465 -2.8220191
3.62743 -2.8316674
3.63021 -2.8402645
3.63299 -2.8473921
3.63576 -2.8527493
3.63854 -2.8561503
3.64132 -2.8576511
3.6441 -2.8574032
3.64688 -2.8557735
3.64965 -2.8532034
3.65243 -2.8501553
3.65521 -2.8471278
3.65799 -2.8445203
3.66076 -2.8426851
3.66354 -2.8419036
3.66632 -2.8423390
3.6691 -2.8441102
3.67188 -2.8472466
3.67465 -2.8517435
3.67743 -2.8575920
3.68021 -2.8647426
3.68299 -2.8730735
3.68576 -2.8823975
3.68854 -2.8924649
3.69132 -2.9029196
3.6941 -2.9133191
3.69688 -2.9231852
3.69965 -2.9320275
3.70243 -2.9394292
3.70521 -2.9450465
3.70799 -2.9486866
3.71076 -2.9503875
3.71354 -2.9502815
3.71632 -2.9487135
3.7191 -2.9461233
3.72188 -2.9430125
3.72465 -2.9398781
3.72743 -2.9371609
3.73021 -2.9352233
3.73299 -2.9343685
3.73576 -2.9347575
3.73854 -2.9364915
3.74132 -2.9396196
3.7441 -2.9441481
3.74688 -2.9500337
3.74965 -2.9572356
3.75243 -2.9656415
3.75521 -2.9750688
3.75799 -2.9852634
3.76076 -2.9958782
3.76354 -3.0064773
3.76632 -3.0166018
3.7691 -3.0257713
3.77188 -3.0335283
3.77465 -3.0395189
3.77743 -3.0435368
3.78021 -3.0455635
3.78299 -3.0457562
3.78576 -3.0444150
3.78854 -3.0419745
3.79132 -3.0389470
3.7941 -3.0358205
3.79688 -3.0330538
3.79965 -3.0310488
3.80243 -3.0300832
3.80521 -3.0303606
3.80799 -3.0319846
3.81076 -3.0350010
3.81354 -3.0394246
3.81632 -3.0452419
3.8191 -3.0524044
3.82188 -3.0608065
3.82465 -3.0702775
3.82743 -3.0805839
3.83021 -3.0914061
3.83299 -3.1022671
3.83576 -3.1127123
3.83854 -3.1222149
3.84132 -3.1302996
3.8441 -3.1366025
3.84688 -3.1408808
3.84965 -3.1431037
3.85243 -3.1433998
3.85521 -3.1420651
3.85799 -3.1395431
3.86076 -3.1363541
3.86354 -3.1330170
3.86632 -3.1300145
3.8691 -3.1277573
3.87188 -3.1265441
3.87465 -3.1265779
3.87743 -3.1279897
3.88021 -3.1308326
3.88299 -3.1351125
3.88576 -3.1408046
3.88854 -3.1478616
3.89132 -3.1561898
3.8941 -3.1656187
3.89688 -3.1759004
3.89965 -3.1867057
3.90243 -3.1975989
3.90521 -3.2080863
3.90799 -3.2176610
3.91076 -3.2258390
3.91354 -3.2322257
3.91632 -3.2365734
3.9191 -3.2388084
3.92188 -3.2390713
3.92465 -3.2376572
3.92743 -3.2349932
3.93021 -3.2316100
3.93299 -3.2280324
3.93576 -3.2247660
3.93854 -3.2222274
3.94132 -3.2207147
3.9441 -3.2204659
3.94688 -3.2216066
3.94965 -3.2241776
3.95243 -3.2282200
3.95521 -3.2337031
3.95799 -3.2405659
3.96076 -3.2487393
3.96354 -3.2580827
3.96632 -3.2683465
3.9691 -3.2792145
3.97188 -3.2902587
3.97465 -3.3009554
3.97743 -3.3108196
3.98021 -3.3193323
3.98299 -3.3260740
3.98576 -3.3307870
3.98854 -3.3333535
3.99132 -3.3339036
3.9941 -3.3327067
3.99688 -3.3301846
3.99965 -3.3268718
4.00243 -3.3233009
4.00521 -3.3199762
4.00799 -3.3173396
4.01076 -3.3157199
4.01354 -3.3153487
4.01632 -3.3163793
4.0191 -3.3188600
4.02188 -3.3228236
4.02465 -3.3282578
4.02743 -3.3351050
4.03021 -3.3433136
4.03299 -3.3527407
4.03576 -3.3631489
4.03854 -3.3742185
4.04132 -3.3855340
4.0441 -3.3965958
4.04688 -3.4068563
4.04965 -3.4158134
4.05243 -3.4230161
4.05521 -3.4281540
4.05799 -3.4311058
4.06076 -3.4319573
4.06354 -3.4309715
4.06632 -3.4285704
4.0691 -3.4252832
4.07188 -3.4216710
4.07465 -3.4182625
4.07743 -3.4155032
4.08021 -3.4137571
4.08299 -3.4132671
4.08576 -3.4141812
4.08854 -3.4165729
4.09132 -3.4204465
4.0941 -3.4258054
4.09688 -3.4326024
4.09965 -3.4407790
4.10243 -3.4502015
4.10521 -3.4606431
4.10799 -3.4717717
4.11076 -3.4832155
4.11354 -3.4944476
4.11632 -3.5049315
4.1191 -3.5141287
4.12188 -3.5215716
4.12465 -3.5269335
4.12743 -3.5300582
4.13021 -3.5310185
4.13299 -3.5300728
4.13576 -3.5276231
4.13854 -3.5242090
4.14132 -3.5204017
4.1441 -3.5167352
4.14688 -3.5136761
4.14965 -3.5116099
4.15243 -3.5107900
4.15521 -3.5113781
4.15799 -3.5134547
4.16076 -3.5170265
4.16354 -3.5221155
4.16632 -3.5287060
4.1691 -3.5367139
4.17188 -3.5460246
4.17465 -3.5563987
4.17743 -3.5675226
4.18021 -3.5789999
4.18299 -3.5903350
4.18576 -3.6009597
4.18854 -3.6103380
4.19132 -3.6179617
4.1941 -3.6234930
4.19688 -3.6267476
4.19965 -3.6277809
4.20243 -3.6268321
4.20521 -3.6243336
4.20799 -3.6207940
4.21076 -3.6167937
4.21354 -3.6129052
4.21632 -3.6095930
4.2191 -3.6072805
4.22188 -3.6062348
4.22465 -3.6066213
4.22743 -3.6085319
4.23021 -3.6120218
4.23299 -3.6170729
4.23576 -3.6236468
4.23854 -3.6316660
4.24132 -3.6410152
4.2441 -3.6514959
4.24688 -3.6627944
4.24965 -3.6745397
4.25243 -3.6861927
4.25521 -3.6972089
4.25799 -3.7070126
4.26076 -3.7150964
4.26354 -3.7210733
4.26632 -3.7247393
4.2691 -3.7261212
4.27188 -3.7254298
4.27465 -3.7230996
4.27743 -3.7196270
4.28021 -3.7156299
4.28299 -3.7116734
4.28576 -3.7082700
4.28854 -3.7058431
4.29132 -3.7046881
4.2941 -3.7049710
4.29688 -3.7068273
4.29965 -3.7102496
4.30243 -3.7152727
4.30521 -3.7218586
4.30799 -3.7299367
4.31076 -3.7393760
4.31354 -3.7499932
4.31632 -3.7614870
4.3191 -3.7734601
4.32188 -3.7853936
4.32465 -3.7967412
4.32743 -3.8069162
4.33021 -3.8153779
4.33299 -3.8217304
4.33576 -3.8257363
4.33854 -3.8273779
4.34132 -3.8268701
4.3441 -3.8246268
4.34688 -3.8211590
4.34965 -3.8170769
4.35243 -3.8129788
4.35521 -3.8093822
4.35799 -3.8067559
4.36076 -3.8054056
4.36354 -3.8055051
4.36632 -3.8071780
4.3691 -3.8104706
4.37188 -3.8153621
4.37465 -3.8218485
4.37743 -3.8298336
4.38021 -3.8392151
4.38299 -3.8497967
4.38576 -3.8612957
4.38854 -3.8733035
4.39132 -3.8853366
4.3941 -3.8968298
4.39688 -3.9071679
4.39965 -3.9158061
4.40243 -3.9223065
4.40521 -3.9264298
4.40799 -3.9281416
4.41076 -3.9276303
4.41354 -3.9252871
4.41632 -3.9216566
4.4191 -3.9173253
4.42188 -3.9129252
4.42465 -3.9090122
4.42743 -3.9060126
4.43021 -3.9042920
4.43299 -3.9040363
4.43576 -3.9053568
4.43854 -3.9083145
4.44132 -3.9129081
4.4441 -3.9191253
4.44688 -3.9268886
4.44965 -3.9360965
4.45243 -3.9465708
4.45521 -3.9580244
4.45799 -3.9700621
4.46076 -3.9821864
4.46354 -3.9938354
4.46632 -4.0043836
4.4691 -4.0132844
4.47188 -4.0200566
4.47465 -4.0244180
4.47743 -4.0263298
4.48021 -4.0259613
4.48299 -4.0236989
4.48576 -4.0200659
4.48854 -4.0156703
4.49132 -4.0111740
4.4941 -4.0071504
4.49688 -4.0040411
4.49965 -4.0021927
4.50243 -4.0018280
4.50521 -4.0030680
4.50799 -4.0059696
4.51076 -4.0105284
4.51354 -4.0167411
4.51632 -4.0245288
4.5191 -4.0337867
4.52188 -4.0443501
4.52465 -4.0559320
4.52743 -4.0681498
4.53021 -4.0805307
4.53299 -4.0924814
4.53576 -4.1034017
4.53854 -4.1127120
4.54132 -4.1199395
4.5441 -4.1247567
4.54688 -4.1270735
4.54965 -4.1270528
4.55243 -4.1250461
4.55521 -4.1215907
4.55799 -4.1173021
4.56076 -4.1128291
4.56354 -4.1087568
4.56632 -4.1055566
4.5691 -4.1036110
4.57188 -4.1031472
4.57465 -4.1042979
4.57743 -4.1071255
4.58021 -4.1116224
4.58299 -4.1177670
4.58576 -4.1255089
4.58854 -4.1347454
4.59132 -4.1452951
4.5941 -4.1569150
4.59688 -4.1692457
4.59965 -4.1817872
4.60243 -4.1939712
4.60521 -4.2051563
4.60799 -4.2147700
4.61076 -4.2222996
4.61354 -4.2274182
4.61632 -4.2299786
4.6191 -4.2301117
4.62188 -4.2281757
4.62465 -4.2246786
4.62743 -4.2202686
4.63021 -4.2155976
4.63299 -4.2112772
4.63576 -4.2078008
4.63854 -4.2055459
4.64132 -4.2047779
4.6441 -4.2056402
4.64688 -4.2082085
4.64965 -4.2124410
4.65243 -4.2183389
4.65521 -4.2258464
4.65799 -4.2348831
4.66076 -4.2452903
4.66354 -4.2568132
4.66632 -4.2691089
4.6691 -4.2816932
4.67188 -4.2939913
4.67465 -4.3053562
4.67743 -4.3151628
4.68021 -4.3228996
4.68299 -4.3281912
4.68576 -4.3308749
4.68854 -4.3310981
4.69132 -4.3291340
4.6941 -4.3255158
4.69688 -4.3208979
4.69965 -4.3159163
4.70243 -4.3112318
4.70521 -4.3073482
4.70799 -4.3047006
4.71076 -4.3035691
4.71354 -4.3040942
4.71632 -4.3063369
4.7191 -4.3103179
4.72188 -4.3160164
4.72465 -4.3233871
4.72743 -4.3323607
4.73021 -4.3427712
4.73299 -4.3543787
4.73576 -4.3668313
4.73854 -4.3796454
4.74132 -4.3922265
4.7441 -4.4039368
4.74688 -4.4141336
4.74965 -4.4222921
4.75243 -4.4279991
4.75521 -4.4311042
4.75799 -4.4316614
4.76076 -4.4299649
4.76354 -4.4265347
4.76632 -4.4220080
4.7691 -4.4170652
4.77188 -4.4123157
4.77465 -4.4083458
4.77743 -4.4055842
4.78021 -4.4043156
4.78299 -4.4047157
4.78576 -4.4068641
4.78854 -4.4107615
4.79132 -4.4164096
4.7941 -4.4237433
4.79688 -4.4326963
4.79965 -4.4431168
4.80243 -4.4547724
4.80521 -4.4673438
4.80799 -4.4803696
4.81076 -4.4932277
4.81354 -4.5053055
4.81632 -4.5159270
4.8191 -4.5245229
4.82188 -4.5306803
4.82465 -4.5341774
4.82743 -4.5350931
4.83021 -4.5336637
4.83299 -4.5304014
4.83576 -4.5259472
4.83854 -4.5209774
4.84132 -4.5161533
4.8441 -4.5120794
4.84688 -4.5091805
4.84965 -4.5077553
4.85243 -4.5080077
4.85521 -4.5099968
4.85799 -4.5137599
4.86076 -4.5192641
4.86354 -4.5264738
4.86632 -4.5353252
4.8691 -4.5456686
4.87188 -4.5572984
4.87465 -4.5698928
4.87743 -4.5829782
4.88021 -4.5959676
4.88299 -4.6082272
4.88576 -4.6190813
4.88854 -4.6279389
4.89132 -4.6343410
4.8941 -4.6380572
4.89688 -4.6390899
4.89965 -4.6376967
4.90243 -4.6343708
4.90521 -4.6297416
4.90799 -4.6245217
4.91076 -4.6193821
4.91354 -4.6149491
4.91632 -4.6116652
4.9191 -4.6098492
4.92188 -4.6097193
4.92465 -4.6113433
4.92743 -4.6147571
4.93021 -4.6199349
4.93299 -4.6268337
4.93576 -4.6353824
4.93854 -4.6454792
4.94132 -4.6569158
4.9441 -4.6693749
4.94688 -4.6824036
4.94965 -4.6953949
4.95243 -4.7077196
4.95521 -4.7187111
4.95799 -4.7277258
4.96076 -4.7343120
4.96354 -4.7381912
4.96632 -4.7393714
4.9691 -4.7380895
4.97188 -4.7348093
4.97465 -4.7301631
4.97743 -4.7248541
4.98021 -4.7195741
4.98299 -4.7149518
4.98576 -4.7114415
4.98854 -4.7093819
4.99132 -4.7090249
4.9941 -4.7104468
4.99688 -4.7136826
4.99965 -4.7187064
5.00243 -4.7255011
5.00521 -4.7339848
5.00799 -4.7440845
5.01076 -4.7555825
5.01354 -4.7681816
5.01632 -4.7814163
5.0191 -4.7947217
5.02188 -4.8074429
5.02465 -4.8188957
5.02743 -4.8284344
5.03021 -4.8355498
5.03299 -4.8399255
5.03576 -4.8415265
5.03854 -4.8405759
5.04132 -4.8375187
5.0441 -4.8329590
5.04688 -4.8276453
5.04965 -4.8222921
5.05243 -4.8175312
5.05521 -4.8138980
5.05799 -4.8117577
5.06076 -4.8113209
5.06354 -4.8127048
5.06632 -4.8159297
5.0691 -4.8209713
5.07188 -4.8277971
5.07465 -4.8363496
5.07743 -4.8465324
5.08021 -4.8581492
5.08299 -4.8708834
5.08576 -4.8843149
5.08854 -4.8978928
5.09132 -4.9109516
5.0941 -4.9227910
5.09688 -4.9327516
5.09965 -4.9402807
5.10243 -4.9450488
5.10521 -4.9469747
5.10799 -4.9462489
5.11076 -4.9433286
5.11354 -4.9388149
5.11632 -4.9334392
5.1191 -4.9279248
5.12188 -4.9229306
5.12465 -4.9190072
5.12743 -4.9165674
5.13021 -4.9158319
5.13299 -4.9169423
5.13576 -4.9199225
5.13854 -4.9247390
5.14132 -4.9313819
5.1441 -4.9397901
5.14688 -4.9498505
5.14965 -4.9613875
5.15243 -4.9740854
5.15521 -4.9875371
5.15799 -5.0011806
5.16076 -5.0143570
5.16354 -5.0263645
5.16632 -5.0365342
5.1691 -5.0442942
5.17188 -5.0492707
5.17465 -5.0513690
5.17743 -5.0507290
5.18021 -5.0477940
5.18299 -5.0431695
5.18576 -5.0375954
5.18854 -5.0318251
5.19132 -5.0264965
5.1941 -5.0222047
5.19688 -5.0193591
5.19965 -5.0182338
5.20243 -5.0189381
5.20521 -5.0215474
5.20799 -5.0260354
5.21076 -5.0323893
5.21354 -5.0405358
5.21632 -5.0503959
5.2191 -5.0617676
5.22188 -5.0743936
5.22465 -5.0878657
5.22743 -5.1016583
5.23021 -5.1150840
5.23299 -5.1274282
5.23576 -5.1379894
5.23854 -5.1461444
5.24132 -5.1515007
5.2441 -5.1539196
5.24688 -5.1535306
5.24965 -5.1507699
5.25243 -5.1462314
5.25521 -5.1406377
5.25799 -5.1347738
5.26076 -5.1293358
5.26354 -5.1248923
5.26632 -5.1219172
5.2691 -5.1206656
5.27188 -5.1212761
5.27465 -5.1238146
5.27743 -5.1282571
5.28021 -5.1345971
5.28299 -5.1427688
5.28576 -5.1526663
5.28854 -5.1641377
5.29132 -5.1769190
5.2941 -5.1906087
5.29688 -5.2046546
5.29965 -5.2184135
5.30243 -5.2311462
5.30521 -5.2421380
5.30799 -5.2507704
5.31076 -5.2566089
5.31354 -5.2594667
5.31632 -5.2594637
5.3191 -5.2569713
5.32188 -5.2526158
5.32465 -5.2470980
5.32743 -5.2412127
5.33021 -5.2356850
5.33299 -5.2311182
5.33576 -5.2279959
5.33854 -5.2266132
5.34132 -5.2271101
5.3441 -5.2295595
5.34688 -5.2339407
5.34965 -5.2402545
5.35243 -5.2484176
5.35521 -5.2583245
5.35799 -5.2698344
5.36076 -5.2826790
5.36354 -5.2964545
5.36632 -5.3106527
5.3691 -5.3246179
5.37188 -5.3376202
5.37465 -5.3489306
5.37743 -5.3578981
5.38021 -5.3640512
5.38299 -5.3671739
5.38576 -5.3673564
5.38854 -5.3649508
5.39132 -5.3605778
5.3941 -5.3549583
5.39688 -5.3488642
5.39965 -5.3430604
5.40243 -5.3381877
5.40521 -5.3347392
5.40799 -5.3330138
5.41076 -5.3331686
5.41354 -5.3352942
5.41632 -5.3393674
5.4191 -5.3453702
5.42188 -5.3532451
5.42465 -5.3629044
5.42743 -5.3741979
5.43021 -5.3868933
5.43299 -5.4005954
5.43576 -5.4147905
5.43854 -5.4288350
5.44132 -5.4419824
5.4441 -5.4535041
5.44688 -5.4627034
5.44965 -5.4690593
5.45243 -5.4723469
5.45521 -5.4726176
5.45799 -5.4702119
5.46076 -5.4657217
5.46354 -5.4598733
5.46632 -5.4534794
5.4691 -5.4473271
5.47188 -5.4420852
5.47465 -5.4382478
5.47743 -5.4361474
5.48021 -5.4359749
5.48299 -5.4377983
5.48576 -5.4416120
5.48854 -5.4473989
5.49132 -5.4551168
5.4941 -5.4646588
5.49688 -5.4758865
5.49965 -5.4885646
5.50243 -5.5023324
5.50521 -5.5166698
5.50799 -5.5309442
5.51076 -5.5444168
5.51354 -5.5563156
5.51632 -5.5659460
5.5191 -5.5727975
5.52188 -5.5765479
5.52465 -5.5772527
5.52743 -5.5752114
5.53021 -5.5709901
5.53299 -5.5653167
5.53576 -5.5590007
5.53854 -5.5528551
5.54132 -5.5475599
5.5441 -5.5436161
5.54688 -5.5414081
5.54965 -5.5411306
5.55243 -5.5428734
5.55521 -5.5466565
5.55799 -5.5524232
5.56076 -5.5601420
5.56354 -5.5697177
5.56632 -5.5810152
5.5691 -5.5938128
5.57188 -5.6077529
5.57465 -5.6223516
5.57743 -5.6369566
5.58021 -5.6508253
5.58299 -5.6631821
5.58576 -5.6733343
5.58854 -5.6807154
5.59132 -5.6849838
5.5941 -5.6861214
5.59688 -5.6844250
5.59965 -5.6804356
5.60243 -5.6749145
5.60521 -5.6686528
5.60799 -5.6624586
5.61076 -5.6570568
5.61354 -5.6529733
5.61632 -5.6506001
5.6191 -5.6501515
5.62188 -5.6517093
5.62465 -5.6553255
5.62743 -5.6609018
5.63021 -5.6684048
5.63299 -5.6777723
5.63576 -5.6888944
5.63854 -5.7015329
5.64132 -5.7153798
5.6441 -5.7299406
5.64688 -5.7445958
5.64965 -5.7586133
5.65243 -5.7711860
5.65521 -5.7815993
5.65799 -5.7892756
5.66076 -5.7938291
5.66354 -5.7952232
5.66632 -5.7937110
5.6691 -5.7898058
5.67188 -5.7842506
5.67465 -5.7778545
5.67743 -5.7714253
5.68021 -5.7657024
5.68299 -5.7612286
5.68576 -5.7584498
5.68854 -5.7575961
5.69132 -5.7587733
5.6941 -5.7619938
5.69688 -5.7672103
5.69965 -5.7743984
5.70243 -5.7834770
5.70521 -5.7943431
5.70799 -5.8067980
5.71076 -5.8205363
5.71354 -5.8350868
5.71632 -5.8498192
5.7191 -5.8639888
5.72188 -5.8767926
5.72465 -5.8874774
5.72743 -5.8954280
5.73021 -5.9002682
5.73299 -5.9019156
5.73576 -5.9005895
5.73854 -5.8967488
5.74132 -5.8911635
5.7441 -5.8846479
5.74688 -5.8780301
5.74965 -5.8720708
5.75243 -5.8673674
5.75521 -5.8643789
5.75799 -5.8633517
5.76076 -5.8643846
5.76354 -5.8675135
5.76632 -5.8726882
5.7691 -5.8798690
5.77188 -5.8889816
5.77465 -5.8999166
5.77743 -5.9124792
5.78021 -5.9263516
5.78299 -5.9411055
5.78576 -5.9561109
5.78854 -5.9706316
5.79132 -5.9838823
5.7941 -5.9950737
5.79688 -6.0035666
5.79965 -6.0089502
5.80243 -6.0110948
5.80521 -6.0101899
5.80799 -6.0066894
5.81076 -6.0013129
5.81354 -5.9949105
5.81632 -5.9883193
5.8191 -5.9823241
5.82188 -5.9775741
5.82465 -5.9745015
5.82743 -5.9733847
5.83021 -5.9743386
5.83299 -5.9773791
5.83576 -5.9824849
5.83854 -5.9895812
5.84132 -5.9986257
5.8441 -6.0095122
5.84688 -6.0220675
5.84965 -6.0360061
5.85243 -6.0509110
5.85521 -6.0661483
5.85799 -6.0809996
5.86076 -6.0946439
5.86354 -6.1062918
5.86632 -6.1152693
5.8691 -6.1211233
5.87188 -6.1236995
5.87465 -6.1231228
5.87743 -6.1198636
5.88021 -6.1146015
5.88299 -6.1081731
5.88576 -6.1014495
5.88854 -6.0952278
5.89132 -6.0901924
5.8941 -6.0868013
5.89688 -6.0853347
5.89965 -6.0859470
5.90243 -6.0886551
5.90521 -6.0934376
5.90799 -6.1002547
5.91076 -6.1090270
5.91354 -6.1196744
5.91632 -6.1320304
5.9191 -6.1458384
5.92188 -6.1606714
5.92465 -6.1759185
5.92743 -6.1908312
5.93021 -6.2046313
5.93299 -6.2164853
5.93576 -6.2257030
5.93854 -6.2317939
5.94132 -6.2345402
5.9441 -6.2340696
5.94688 -6.2308304
5.94965 -6.2254766
5.95243 -6.2188619
5.95521 -6.2118558
5.95799 -6.2052949
5.96076 -6.1998776
5.96354 -6.1960668
5.96632 -6.1941937
5.9691 -6.1944302
5.97188 -6.1967935
5.97465 -6.2012510
5.97743 -6.2077608
5.98021 -6.2162313
5.98299 -6.2266084
5.98576 -6.2387691
5.98854 -6.2524300
5.99132 -6.2672138
5.9941 -6.2824992
5.99688 -6.2975831
5.99965 -6.3116644
6.00243 -6.3239049
6.00521 -6.3335759
6.00799 -6.3401584
6.01076 -6.3433976
6.01354 -6.3433761
6.01632 -6.3405069
6.0191 -6.3354416
6.02188 -6.3289784
6.02465 -6.3220401
6.02743 -6.3154636
6.03021 -6.3099585
6.03299 -6.3060491
6.03576 -6.3040657
6.03854 -6.3041818
6.04132 -6.3064438
6.0441 -6.3108110
6.04688 -6.3172310
6.04965 -6.3256330
6.05243 -6.3359761
6.05521 -6.3481347
6.05799 -6.3618554
6.06076 -6.3767427
6.06354 -6.3922233
6.06632 -6.4076167
6.0691 -6.4221091
6.07188 -6.4348381
6.07465 -6.4450719
6.07743 -6.4522189
6.08021 -6.4559813
6.08299 -6.4564204
6.08576 -6.4539082
6.08854 -6.4490709
6.09132 -6.4427376
6.0941 -6.4358247
6.09688 -6.4291855
6.09965 -6.4235536
6.10243 -6.4194970
6.10521 -6.4173757
6.10799 -6.4173568
6.11076 -6.4195124
6.11354 -6.4238121
6.11632 -6.4301702
6.1191 -6.4385463
6.12188 -6.4488730
6.12465 -6.4610214
6.12743 -6.4747465
6.13021 -6.4896477
6.13299 -6.5052179
6.13576 -6.5207522
6.13854 -6.5354244
6.14132 -6.5484069
6.1441 -6.5589127
6.14688 -6.5663299
6.14965 -6.5703537
6.15243 -6.5709789
6.15521 -6.5685529
6.15799 -6.5636933
6.16076 -6.5572402
6.16354 -6.5501207
6.16632 -6.5431944
6.1691 -6.5372066
6.17188 -6.5327706
6.17465 -6.5302348
6.17743 -6.5298093
6.18021 -6.5315366
6.18299 -6.5354244
6.18576 -6.5414106
6.18854 -6.5494609
6.19132 -6.5594887
6.1941 -6.5713660
6.19688 -6.5848683
6.19965 -6.5996358
6.20243 -6.6151587
6.20521 -6.6307444
6.20799 -6.6455706
6.21076 -6.6587778
6.21354 -6.6695504
6.21632 -6.6772608
6.2191 -6.6815208
6.22188 -6.6823160
6.22465 -6.6799495
6.22743 -6.6750644
6.23021 -6.6684515
6.23299 -6.6610622
6.23576 -6.6537886
6.23854 -6.6473898
6.24132 -6.6425038
6.2441 -6.6395551
6.24688 -6.6387656
6.24965 -6.6401979
6.25243 -6.6438590
6.25521 -6.6497006
6.25799 -6.6576600
6.26076 -6.6676303
6.26354 -6.6795035
6.26632 -6.6930662
6.2691 -6.7079797
6.27188 -6.7237329
6.27465 -6.7396317
6.27743 -6.7548516
6.28021 -6.7685254
6.28299 -6.7798236
6.28576 -6.7880669
6.28854 -6.7928587
6.29132 -6.7941184
6.2941 -6.7921389
6.29688 -6.7875238
6.29965 -6.7810735
6.30243 -6.7737115
6.30521 -6.7663854
6.30799 -6.7598983
6.31076 -6.7548989
6.31354 -6.7518321
6.31632 -6.7509390
6.3191 -6.7522819
6.32188 -6.7558597
6.32465 -6.7616149
6.32743 -6.7695048
6.33021 -6.7794259
6.33299 -6.7912639
6.33576 -6.8048116
6.33854 -6.8197481
6.34132 -6.8355752
6.3441 -6.8516444
6.34688 -6.8671364
6.34965 -6.8811807
6.35243 -6.8929309
6.35521 -6.9016804
6.35799 -6.9069814
6.36076 -6.9087083
6.36354 -6.9071184
6.36632 -6.9027856
6.3691 -6.8965019
6.37188 -6.8892082
6.37465 -6.8818414
6.37743 -6.8752500
6.38021 -6.8700973
6.38299 -6.8668508
6.38576 -6.8657515
6.38854 -6.8668887
6.39132 -6.8702571
6.3941 -6.8757866
6.39688 -6.8834361
6.39965 -6.8931060
6.40243 -6.9047045
6.40521 -6.9180388
6.40799 -6.9328000
6.41076 -6.9485145
6.41354 -6.9645477
6.41632 -6.9801107
6.4191 -6.9943189
6.42188 -7.0062812
6.42465 -7.0152771
6.42743 -7.0208169
6.43021 -7.0227519
6.43299 -7.0212882
6.43576 -7.0169747
6.43854 -7.0106100
6.44132 -7.0031017
6.4441 -6.9954381
6.44688 -6.9884849
6.44965 -6.9829222
6.45243 -6.9792379
6.45521 -6.9776992
6.45799 -6.9784036
6.46076 -6.9813558
6.46354 -6.9864950
6.46632 -6.9937616
6.4691 -7.0031023
6.47188 -7.0144003
6.47465 -7.0274888
6.47743 -7.0420589
6.48021 -7.0576545
6.48299 -7.0736599
6.48576 -7.0892855
6.48854 -7.1036417
6.49132 -7.1158488
6.4941 -7.1251443
6.49688 -7.1310031
6.49965 -7.1332513
6.50243 -7.1320604
6.50521 -7.1279463
6.50799 -7.1217065
6.51076 -7.1142505
6.51354 -7.1065584
6.51632 -7.0995158
6.5191 -7.0938328
6.52188 -7.0899866
6.52465 -7.0882722
6.52743 -7.0888269
6.53021 -7.0916544
6.53299 -7.0966973
6.53576 -7.1038884
6.53854 -7.1131677
6.54132 -7.1244320
6.5441 -7.1375210
6.54688 -7.1521422
6.54965 -7.1678647
6.55243 -7.1840756
6.55521 -7.2000176
6.55799 -7.2147793
6.56076 -7.2274922
6.56354 -7.2373790
6.56632 -7.2438763
6.5691 -7.2467168
6.57188 -7.2460508
6.57465 -7.2423542
6.57743 -7.2363789
6.58021 -7.2290754
6.58299 -7.2214270
6.58576 -7.2143317
6.58854 -7.2085306
6.59132 -7.2045539
6.5941 -7.2027260
6.59688 -7.2031727
6.59965 -7.2059198
6.60243 -7.2108976
6.60521 -7.2180265
6.60799 -7.2272335
6.61076 -7.2384375
6.61354 -7.2515014
6.61632 -7.2661480
6.6191 -7.2819728
6.62188 -7.2983635
6.62465 -7.3145725
6.62743 -7.3296877
6.63021 -7.3428038
6.63299 -7.3531428
6.63576 -7.3601042
6.63854 -7.3633482
6.64132 -7.3630192
6.6441 -7.3595463
6.64688 -7.3536838
6.64965 -7.3463799
6.65243 -7.3386045
6.65521 -7.3312872
6.65799 -7.3251795
6.66076 -7.3208460
6.66354 -7.3186604
6.66632 -7.3187530
6.6691 -7.3211604
6.67188 -7.3258047
6.67465 -7.3326015
6.67743 -7.3414916
6.68021 -7.3523952
6.68299 -7.3651700
6.68576 -7.3795757
6.68854 -7.3952497
6.69132 -7.4115896
6.6941 -7.4278394
6.69688 -7.4431019
6.69965 -7.4564408
6.70243 -7.4670438
6.70521 -7.4742724
6.70799 -7.4778100
6.71076 -7.4777267
6.71354 -7.4744032
6.71632 -7.4685485
6.7191 -7.4611269
6.72188 -7.4531146
6.72465 -7.4454816
6.72743 -7.4389991
6.73021 -7.4342831
6.73299 -7.4317304
6.73576 -7.4314809
6.73854 -7.4335535
6.74132 -7.4379025
6.7441 -7.4444432
6.74688 -7.4531024
6.74965 -7.4638199
6.75243 -7.4764509
6.75521 -7.4907806
6.75799 -7.5064285
6.76076 -7.5228209
6.76354 -7.5392150
6.76632 -7.5547340
6.7691 -7.5684536
6.77188 -7.5795040
6.77465 -7.5872446
6.77743 -7.5913056
6.78021 -7.5916979
6.78299 -7.5887904
6.78576 -7.5832541
6.78854 -7.5760157
6.79132 -7.5680886
6.7941 -7.5604446
6.79688 -7.5538756
6.79965 -7.5490550
6.80243 -7.5463534
6.80521 -7.5459500
6.80799 -7.5478986
6.81076 -7.5521319
6.81354 -7.5585677
6.81632 -7.5671173
6.8191 -7.5777329
6.82188 -7.5902811
6.82465 -7.6045604
6.82743 -7.6202589
6.83021 -7.6368273
6.83299 -7.6534918
6.83576 -7.6694071
6.83854 -7.6836134
6.84132 -7.6952208
6.8441 -7.7035618
6.84688 -7.7082140
6.84965 -7.7091328
6.85243 -7.7066505
6.85521 -7.7014267
6.85799 -7.6943660
6.86076 -7.6865008
6.86354 -7.6788107
6.86632 -7.6721622
6.8691 -7.6672297
6.87188 -7.6643893
6.87465 -7.6638588
6.87743 -7.6656897
6.88021 -7.6698099
6.88299 -7.6761351
6.88576 -7.6845852
6.88854 -7.6950827
6.89132 -7.7075244
6.8941 -7.7217199
6.89688 -7.7373408
6.89965 -7.7538918
6.90243 -7.7705991
6.90521 -7.7866376
6.90799 -7.8010494
6.91076 -7.8129449
6.91354 -7.8215992
6.91632 -7.8265536
6.9191 -7.8277155
6.92188 -7.8254054
6.92465 -7.8202520
6.92743 -7.8131399
6.93021 -7.8050952
6.93299 -7.7971203
6.93576 -7.7901297
6.93854 -7.7847980
6.94132 -7.7815415
6.9441 -7.7805893
6.94688 -7.7820082
6.94965 -7.7857258
6.95243 -7.7916861
6.95521 -7.7997763
6.95799 -7.8099284
6.96076 -7.8220608
6.96354 -7.8360129
6.96632 -7.8514618
6.9691 -7.8679257
6.97188 -7.8846567
6.97465 -7.9008044
6.97743 -7.9154271
6.98021 -7.9276081
6.98299 -7.9366026
6.98576 -7.9419084
6.98854 -7.9433730
6.99132 -7.9412908
6.9941 -7.9362714
6.99688 -7.9291703
6.99965 -7.9210354
7.00243 -7.9128963
7.00521 -7.9056741
7.00799 -7.9000488
7.01076 -7.8964894
7.01354 -7.8952382
7.01632 -7.8963725
7.0191 -7.8998544
7.02188 -7.9055733
7.02465 -7.9134385
7.02743 -7.9233726
7.03021 -7.9353527
7.03299 -7.9491991
7.03576 -7.9646176
7.03854 -7.9811151
7.04132 -7.9980113
7.0441 -8.0144569
7.04688 -8.0295028
7.04965 -8.0422083
7.05243 -8.0517841
7.05521 -8.0576608
7.05799 -8.0596804
7.06076 -8.0580612
7.06354 -8.0533924
7.06632 -8.0465115
7.0691 -8.0384649
7.07188 -8.0302852
7.07465 -8.0229308
7.07743 -8.0171285
7.08021 -8.0133937
7.08299 -8.0119851
7.08576 -8.0129991
7.08854 -8.0163725
7.09132 -8.0219963
7.0941 -8.0297902
7.09688 -8.0396901
7.09965 -8.0516422
7.10243 -8.0654724
7.10521 -8.0808993
7.10799 -8.0974440
7.11076 -8.1144840
7.11354 -8.1311623
7.11632 -8.1465195
7.1191 -8.1596128
7.12188 -8.1696037
7.12465 -8.1759138
7.12743 -8.1782992
7.13021 -8.1769505
7.13299 -8.1724510
7.13576 -8.1656083
7.13854 -8.1574591
7.14132 -8.1490868
7.1441 -8.1414329
7.14688 -8.1352708
7.14965 -8.1311551
7.15243 -8.1293633
7.15521 -8.1299927
7.15799 -8.1330228
7.16076 -8.1383179
7.16354 -8.1458031
7.16632 -8.1554371
7.1691 -8.1671289
7.17188 -8.1807222
7.17465 -8.1959342
7.17743 -8.2123149
7.18021 -8.2292643
7.18299 -8.2459268
7.18576 -8.2613570
7.18854 -8.2745975
7.19132 -8.2847687
7.1941 -8.2912686
7.19688 -8.2938266
7.19965 -8.2925854
7.20243 -8.2880816
7.20521 -8.2811517
7.20799 -8.2727948
7.21076 -8.2641167
7.21354 -8.2560854
7.21632 -8.2494931
7.2191 -8.2449250
7.22188 -8.2426746
7.22465 -8.2428535
7.22743 -8.2454153
7.23021 -8.2502965
7.23299 -8.2574342
7.23576 -8.2666990
7.23854 -8.2780120
7.24132 -8.2912476
7.2441 -8.3061609
7.24688 -8.3223415
7.24965 -8.3391945
7.25243 -8.3558890
7.25521 -8.3714901
7.25799 -8.3849883
7.26076 -8.3955096
7.26354 -8.4023871
7.26632 -8.4053095
7.2691 -8.4043827
7.27188 -8.4000867
7.27465 -8.3932464
7.27743 -8.3848811
7.28021 -8.3760697
7.28299 -8.3678334
7.28576 -8.3609873
7.28854 -8.3561542
7.29132 -8.3536593
7.2941 -8.3536223
7.29688 -8.3560338
7.29965 -8.3607791
7.30243 -8.3677878
7.30521 -8.3769752
7.30799 -8.3882382
7.31076 -8.4014365
7.31354 -8.4163574
7.31632 -8.4325917
7.3191 -8.4495612
7.32188 -8.4664687
7.32465 -8.4823697
7.32743 -8.4962674
7.33021 -8.5072642
7.33299 -8.5146516
7.33576 -8.5180650
7.33854 -8.5175488
7.34132 -8.5135640
7.3441 -8.5069304
7.34688 -8.4986423
7.34965 -8.4897884
7.35243 -8.4814221
7.35521 -8.4744068
7.35799 -8.4693805
7.36076 -8.4667077
7.36354 -8.4665184
7.36632 -8.4688009
7.3691 -8.4734568
7.37188 -8.4803733
7.37465 -8.4894575
7.37743 -8.5006113
7.38021 -8.5137172
7.38299 -8.5285573
7.38576 -8.5447637
7.38854 -8.5617379
7.39132 -8.5787261
7.3941 -8.5948162
7.39688 -8.6089759
7.39965 -8.6202828
7.40243 -8.6279992
7.40521 -8.6317387
7.40799 -8.6314886
7.41076 -8.6276632
7.41354 -8.6210566
7.41632 -8.6126744
7.4191 -8.6035997
7.42188 -8.5949075
7.42465 -8.5875051
7.42743 -8.5820404
7.43021 -8.5789113
7.43299 -8.5782554
7.43576 -8.5800891
7.43854 -8.5843227
7.44132 -8.5908143
7.4441 -8.5995052
7.44688 -8.6103026
7.44965 -8.6230887
7.45243 -8.6376584
7.45521 -8.6536615
7.45799 -8.6705110
7.46076 -8.6874761
7.46354 -8.7036324
7.46632 -8.7179681
7.4691 -8.7295108
7.47188 -8.7374725
7.47465 -8.7414148
7.47743 -8.7413024
7.48021 -8.7375308
7.48299 -8.7308523
7.48576 -8.7222577
7.48854 -8.7128602
7.49132 -8.7037971
7.4941 -8.6959798
7.49688 -8.6900713
7.49965 -8.6864822
7.50243 -8.6854020
7.50521 -8.6868291
7.50799 -8.6906776
7.51076 -8.6968146
7.51354 -8.7051659
7.51632 -8.7156401
7.5191 -8.7281325
7.52188 -8.7424488
7.52465 -8.7582479
7.52743 -8.7750034
7.53021 -8.7919852
7.53299 -8.8083146
7.53576 -8.8229542
7.53854 -8.8349504
7.54132 -8.8435030
7.5441 -8.8480969
7.54688 -8.8486387
7.54965 -8.8454910
7.55243 -8.8393238
7.55521 -8.8311408
7.55799 -8.8220508
7.56076 -8.8131567
7.56354 -8.8053941
7.56632 -8.7994615
7.5691 -8.7958120
7.57188 -8.7946428
7.57465 -8.7959862
7.57743 -8.7997666
7.58021 -8.8058537
7.58299 -8.8141450
7.58576 -8.8245433
7.58854 -8.8369645
7.59132 -8.8512363
7.5941 -8.8670600
7.59688 -8.8839458
7.59965 -8.9011775
7.60243 -8.9178592
7.60521 -8.9329669
7.60799 -8.9455163
7.61076 -8.9547009
7.61354 -8.9599610
7.61632 -8.9611021
7.6191 -8.9584354
7.62188 -8.9526492
7.62465 -8.9446973
7.62743 -8.9357059
7.63021 -8.9267669
7.63299 -8.9188839
7.63576 -8.9127596
7.63854 -8.9089002
7.64132 -8.9075388
7.6441 -8.9087135
7.64688 -8.9123520
7.64965 -8.9182834
7.65243 -8.9264073
7.65521 -8.9366433
7.65799 -8.9489290
7.66076 -8.9630806
7.66354 -8.9788460
7.66632 -8.9957266
7.6691 -9.0130399
7.67188 -9.0298997
7.67465 -9.0452731
7.67743 -9.0581522
7.68021 -9.0676961
7.68299 -9.0733163
7.68576 -9.0747999
7.68854 -9.0724329
7.69132 -9.0667775
7.6941 -9.0588277
7.69688 -9.0497041
7.69965 -9.0405220
7.70243 -9.0322940
7.70521 -9.0257729
7.70799 -9.0215179
7.71076 -9.0197796
7.71354 -9.0205942
7.71632 -9.0238682
7.7191 -9.0294663
7.72188 -9.0372938
7.72465 -9.0472518
7.72743 -9.0592721
7.73021 -9.0732048
7.73299 -9.0887934
7.73576 -9.1056012
7.73854 -9.1229422
7.74132 -9.1399192
7.7441 -9.1555261
7.74688 -9.1687336
7.74965 -9.1786589
7.75243 -9.1846817
7.75521 -9.1865836
7.75799 -9.1845455
7.76076 -9.1791283
7.76354 -9.1712711
7.76632 -9.1620870
7.7691 -9.1527328
7.77188 -9.1442045
7.77465 -9.1373496
7.77743 -9.1327536
7.78021 -9.1306765
7.78299 -9.1311838
7.78576 -9.1342262
7.78854 -9.1396605
7.79132 -9.1473740
7.7941 -9.1572635
7.79688 -9.1692682
7.79965 -9.1832384
7.80243 -9.1989257
7.80521 -9.2159249
7.80799 -9.2335816
7.81076 -9.2509668
7.81354 -9.2671061
7.81632 -9.2809356
7.8191 -9.2915434
7.82188 -9.2982746
7.82465 -9.3008347
7.82743 -9.2993728
7.83021 -9.2944248
7.83299 -9.2868766
7.83576 -9.2778702
7.83854 -9.2685529
7.84132 -9.2599859
7.8441 -9.2530423
7.84688 -9.2483310
7.84965 -9.2461131
7.85243 -9.2465244
7.85521 -9.2494780
7.85799 -9.2548226
7.86076 -9.2624585
7.86354 -9.2722785
7.86632 -9.2842115
7.8691 -9.2981307
7.87188 -9.3138202
7.87465 -9.3309049
7.87743 -9.3487187
7.88021 -9.3663963
7.88299 -9.3829530
7.88576 -9.3973249
7.88854 -9.4085579
7.89132 -9.4159353
7.8941 -9.4191099
7.89688 -9.4181676
7.89965 -9.4136045
7.90243 -9.4062921
7.90521 -9.3973332
7.90799 -9.3879126
7.91076 -9.3791273
7.91354 -9.3718981
7.91632 -9.3668433
7.9191 -9.3642631
7.92188 -9.3643106
7.92465 -9.3669200
7.92743 -9.3719359
7.93021 -9.3792709
7.93299 -9.3887904
7.93576 -9.4004306
7.93854 -9.4141023
7.94132 -9.4296208
7.9441 -9.4466115
7.94688 -9.4644431
7.94965 -9.4822429
7.95243 -9.4990174
7.95521 -9.5137033
7.95799 -9.5253147
7.96076 -9.5331008
7.96354 -9.5366619
7.96632 -9.5360166
7.9691 -9.5316683
7.97188 -9.5244504
7.97465 -9.5154490
7.97743 -9.5058483
7.98021 -9.4967810
7.98299 -9.4891819
7.98576 -9.4837042
7.98854 -9.4806854
7.99132 -9.4802970
7.9941 -9.4825063
7.99688 -9.4871751
