 200.00 15.00 10 
 200.00 30.00 14 
 200.00 45.00 18 
 200.00 60.00 21 
 200.00 75.00 23 
 200.00 90.00 26 
 200.00 105.00 30 
 200.00 120.00 33 
 200.00 135.00 37 
 200.00 150.00 40 
 200.00 165.00 43 
 200.00 180.00 47 
 200.00 195.00 50 
 200.00 210.00 50 
 200.00 225.00 50 
 200.00 240.00 50 
 200.00 255.00 50 
 200.00 270.00 50 
 200.00 285.00 50 
 200.00 300.00 50 
 200.00 315.00 50 
 200.00 330.00 50 
 200.00 345.00 50 
 200.00 360.00 50 
 200.00 375.00 50 
 200.00 390.00 50 
 200.00 405.00 50 
 200.00 420.00 50 
 200.00 435.00 50 
 200.00 450.00 50 
 200.00 465.00 50 
 200.00 480.00 50 
 200.00 495.00 50 
 200.00 510.00 50 
 200.00 525.00 50 
 200.00 540.00 50 
 200.00 555.00 50 
 200.00 570.00 50 
 200.00 585.00 50 
 200.00 600.00 50 
 200.00 615.00 50 
 200.00 630.00 50 
 200.00 645.00 50 
 200.00 660.00 50 
 200.00 675.00 50 
 200.00 690.00 50 
 200.00 705.00 50 
 200.00 720.00 50 
 
 250.00 15.00 10 
 250.00 30.00 14 
 250.00 45.00 18 
 250.00 60.00 22 
 250.00 75.00 25 
 250.00 90.00 26 
 250.00 105.00 29 
 250.00 120.00 32 
 250.00 135.00 36 
 250.00 150.00 39 
 250.00 165.00 43 
 250.00 180.00 47 
 250.00 195.00 50 
 250.00 210.00 50 
 250.00 225.00 50 
 250.00 240.00 50 
 250.00 255.00 50 
 250.00 270.00 50 
 250.00 285.00 50 
 250.00 300.00 50 
 250.00 315.00 50 
 250.00 330.00 50 
 250.00 345.00 50 
 250.00 360.00 50 
 250.00 375.00 50 
 250.00 390.00 50 
 250.00 405.00 50 
 250.00 420.00 50 
 250.00 435.00 50 
 250.00 450.00 50 
 250.00 465.00 50 
 250.00 480.00 50 
 250.00 495.00 50 
 250.00 510.00 50 
 250.00 525.00 50 
 250.00 540.00 50 
 250.00 555.00 50 
 250.00 570.00 50 
 250.00 585.00 50 
 250.00 600.00 50 
 250.00 615.00 50 
 250.00 630.00 50 
 250.00 645.00 50 
 250.00 660.00 50 
 250.00 675.00 50 
 250.00 690.00 50 
 250.00 705.00 50 
 250.00 720.00 50 
 
 300.00 15.00 10 
 300.00 30.00 14 
 300.00 45.00 17 
 300.00 60.00 20 
 300.00 75.00 23 
 300.00 90.00 26 
 300.00 105.00 29 
 300.00 120.00 33 
 300.00 135.00 39 
 300.00 150.00 39 
 300.00 165.00 44 
 300.00 180.00 46 
 300.00 195.00 50 
 300.00 210.00 50 
 300.00 225.00 50 
 300.00 240.00 50 
 300.00 255.00 50 
 300.00 270.00 50 
 300.00 285.00 50 
 300.00 300.00 50 
 300.00 315.00 50 
 300.00 330.00 50 
 300.00 345.00 50 
 300.00 360.00 50 
 300.00 375.00 50 
 300.00 390.00 50 
 300.00 405.00 50 
 300.00 420.00 50 
 300.00 435.00 50 
 300.00 450.00 50 
 300.00 465.00 50 
 300.00 480.00 50 
 300.00 495.00 50 
 300.00 510.00 50 
 300.00 525.00 50 
 300.00 540.00 50 
 300.00 555.00 50 
 300.00 570.00 50 
 300.00 585.00 50 
 300.00 600.00 50 
 300.00 615.00 50 
 300.00 630.00 50 
 300.00 645.00 50 
 300.00 660.00 50 
 300.00 675.00 50 
 300.00 690.00 50 
 300.00 705.00 50 
 300.00 720.00 50 
 
 350.00 15.00 10 
 350.00 30.00 14 
 350.00 45.00 16 
 350.00 60.00 20 
 350.00 75.00 23 
 350.00 90.00 25 
 350.00 105.00 29 
 350.00 120.00 32 
 350.00 135.00 34 
 350.00 150.00 38 
 350.00 165.00 41 
 350.00 180.00 44 
 350.00 195.00 48 
 350.00 210.00 50 
 350.00 225.00 50 
 350.00 240.00 50 
 350.00 255.00 50 
 350.00 270.00 50 
 350.00 285.00 50 
 350.00 300.00 50 
 350.00 315.00 50 
 350.00 330.00 50 
 350.00 345.00 50 
 350.00 360.00 50 
 350.00 375.00 50 
 350.00 390.00 50 
 350.00 405.00 50 
 350.00 420.00 50 
 350.00 435.00 50 
 350.00 450.00 50 
 350.00 465.00 50 
 350.00 480.00 50 
 350.00 495.00 50 
 350.00 510.00 50 
 350.00 525.00 50 
 350.00 540.00 50 
 350.00 555.00 50 
 350.00 570.00 50 
 350.00 585.00 50 
 350.00 600.00 50 
 350.00 615.00 50 
 350.00 630.00 50 
 350.00 645.00 50 
 350.00 660.00 50 
 350.00 675.00 50 
 350.00 690.00 50 
 350.00 705.00 50 
 350.00 720.00 50 
 
 400.00 15.00 10 
 400.00 30.00 14 
 400.00 45.00 17 
 400.00 60.00 20 
 400.00 75.00 22 
 400.00 90.00 25 
 400.00 105.00 29 
 400.00 120.00 31 
 400.00 135.00 35 
 400.00 150.00 39 
 400.00 165.00 41 
 400.00 180.00 44 
 400.00 195.00 47 
 400.00 210.00 50 
 400.00 225.00 50 
 400.00 240.00 50 
 400.00 255.00 50 
 400.00 270.00 50 
 400.00 285.00 50 
 400.00 300.00 50 
 400.00 315.00 50 
 400.00 330.00 50 
 400.00 345.00 50 
 400.00 360.00 50 
 400.00 375.00 50 
 400.00 390.00 50 
 400.00 405.00 50 
 400.00 420.00 50 
 400.00 435.00 50 
 400.00 450.00 50 
 400.00 465.00 50 
 400.00 480.00 50 
 400.00 495.00 50 
 400.00 510.00 50 
 400.00 525.00 50 
 400.00 540.00 50 
 400.00 555.00 50 
 400.00 570.00 50 
 400.00 585.00 50 
 400.00 600.00 50 
 400.00 615.00 50 
 400.00 630.00 50 
 400.00 645.00 50 
 400.00 660.00 50 
 400.00 675.00 50 
 400.00 690.00 50 
 400.00 705.00 50 
 400.00 720.00 50 
 
 450.00 15.00 9 
 450.00 30.00 13 
 450.00 45.00 17 
 450.00 60.00 19 
 450.00 75.00 25 
 450.00 90.00 24 
 450.00 105.00 28 
 450.00 120.00 32 
 450.00 135.00 35 
 450.00 150.00 38 
 450.00 165.00 42 
 450.00 180.00 43 
 450.00 195.00 48 
 450.00 210.00 50 
 450.00 225.00 50 
 450.00 240.00 50 
 450.00 255.00 50 
 450.00 270.00 50 
 450.00 285.00 50 
 450.00 300.00 50 
 450.00 315.00 50 
 450.00 330.00 50 
 450.00 345.00 50 
 450.00 360.00 50 
 450.00 375.00 50 
 450.00 390.00 50 
 450.00 405.00 50 
 450.00 420.00 50 
 450.00 435.00 50 
 450.00 450.00 50 
 450.00 465.00 50 
 450.00 480.00 50 
 450.00 495.00 50 
 450.00 510.00 50 
 450.00 525.00 50 
 450.00 540.00 50 
 450.00 555.00 50 
 450.00 570.00 50 
 450.00 585.00 50 
 450.00 600.00 50 
 450.00 615.00 50 
 450.00 630.00 50 
 450.00 645.00 50 
 450.00 660.00 50 
 450.00 675.00 50 
 450.00 690.00 50 
 450.00 705.00 50 
 450.00 720.00 50 
 
 500.00 15.00 9 
 500.00 30.00 13 
 500.00 45.00 17 
 500.00 60.00 19 
 500.00 75.00 22 
 500.00 90.00 24 
 500.00 105.00 28 
 500.00 120.00 31 
 500.00 135.00 34 
 500.00 150.00 39 
 500.00 165.00 41 
 500.00 180.00 44 
 500.00 195.00 47 
 500.00 210.00 50 
 500.00 225.00 50 
 500.00 240.00 50 
 500.00 255.00 50 
 500.00 270.00 50 
 500.00 285.00 50 
 500.00 300.00 50 
 500.00 315.00 50 
 500.00 330.00 50 
 500.00 345.00 50 
 500.00 360.00 50 
 500.00 375.00 50 
 500.00 390.00 50 
 500.00 405.00 50 
 500.00 420.00 50 
 500.00 435.00 50 
 500.00 450.00 50 
 500.00 465.00 50 
 500.00 480.00 50 
 500.00 495.00 50 
 500.00 510.00 50 
 500.00 525.00 50 
 500.00 540.00 50 
 500.00 555.00 50 
 500.00 570.00 50 
 500.00 585.00 50 
 500.00 600.00 50 
 500.00 615.00 50 
 500.00 630.00 50 
 500.00 645.00 50 
 500.00 660.00 50 
 500.00 675.00 50 
 500.00 690.00 50 
 500.00 705.00 50 
 
 500.00 720.00 50 
 550.00 15.00 9 
 550.00 30.00 13 
 550.00 45.00 16 
 550.00 60.00 19 
 550.00 75.00 23 
 550.00 90.00 24 
 550.00 105.00 27 
 550.00 120.00 31 
 550.00 135.00 34 
 550.00 150.00 39 
 550.00 165.00 41 
 550.00 180.00 43 
 550.00 195.00 45 
 550.00 210.00 49 
 550.00 225.00 50 
 550.00 240.00 50 
 550.00 255.00 50 
 550.00 270.00 50 
 550.00 285.00 50 
 550.00 300.00 50 
 550.00 315.00 50 
 550.00 330.00 50 
 550.00 345.00 50 
 550.00 360.00 50 
 550.00 375.00 50 
 550.00 390.00 50 
 550.00 405.00 50 
 550.00 420.00 50 
 550.00 435.00 50 
 550.00 450.00 50 
 550.00 465.00 50 
 550.00 480.00 50 
 550.00 495.00 50 
 550.00 510.00 50 
 550.00 525.00 50 
 550.00 540.00 50 
 550.00 555.00 50 
 550.00 570.00 50 
 550.00 585.00 50 
 550.00 600.00 50 
 550.00 615.00 50 
 550.00 630.00 50 
 550.00 645.00 50 
 550.00 660.00 50 
 550.00 675.00 50 
 550.00 690.00 50 
 550.00 705.00 50 
 550.00 720.00 50 
 
 600.00 15.00 9 
 600.00 30.00 13 
 600.00 45.00 16 
 600.00 60.00 19 
 600.00 75.00 21 
 600.00 90.00 24 
 600.00 105.00 28 
 600.00 120.00 30 
 600.00 135.00 33 
 600.00 150.00 37 
 600.00 165.00 41 
 600.00 180.00 43 
 600.00 195.00 47 
 600.00 210.00 49 
 600.00 225.00 50 
 600.00 240.00 50 
 600.00 255.00 50 
 600.00 270.00 50 
 600.00 285.00 50 
 600.00 300.00 50 
 600.00 315.00 50 
 600.00 330.00 50 
 600.00 345.00 50 
 600.00 360.00 50 
 600.00 375.00 50 
 600.00 390.00 50 
 600.00 405.00 50 
 600.00 420.00 50 
 600.00 435.00 50 
 600.00 450.00 50 
 600.00 465.00 50 
 600.00 480.00 50 
 600.00 495.00 50 
 600.00 510.00 50 
 600.00 525.00 50 
 600.00 540.00 50 
 600.00 555.00 50 
 600.00 570.00 50 
 600.00 585.00 50 
 600.00 600.00 50 
 600.00 615.00 50 
 600.00 630.00 50 
 600.00 645.00 50 
 600.00 660.00 50 
 600.00 675.00 50 
 600.00 690.00 50 
 600.00 705.00 50 
 600.00 720.00 50 
 
 650.00 15.00 9 
 650.00 30.00 13 
 650.00 45.00 15 
 650.00 60.00 19 
 650.00 75.00 21 
 650.00 90.00 23 
 650.00 105.00 27 
 650.00 120.00 30 
 650.00 135.00 33 
 650.00 150.00 36 
 650.00 165.00 38 
 650.00 180.00 42 
 650.00 195.00 45 
 650.00 210.00 49 
 650.00 225.00 50 
 650.00 240.00 50 
 650.00 255.00 50 
 650.00 270.00 50 
 650.00 285.00 50 
 650.00 300.00 50 
 650.00 315.00 50 
 650.00 330.00 50 
 650.00 345.00 50 
 650.00 360.00 50 
 650.00 375.00 50 
 650.00 390.00 50 
 650.00 405.00 50 
 650.00 420.00 50 
 650.00 435.00 50 
 650.00 450.00 50 
 650.00 465.00 50 
 650.00 480.00 50 
 650.00 495.00 50 
 650.00 510.00 50 
 650.00 525.00 50 
 650.00 540.00 50 
 650.00 555.00 50 
 650.00 570.00 50 
 650.00 585.00 50 
 650.00 600.00 50 
 650.00 615.00 50 
 650.00 630.00 50 
 650.00 645.00 50 
 650.00 660.00 50 
 650.00 675.00 50 
 650.00 690.00 50 
 650.00 705.00 50 
 650.00 720.00 50 
 
 700.00 15.00 9 
 700.00 30.00 13 
 700.00 45.00 15 
 700.00 60.00 18 
 700.00 75.00 21 
 700.00 90.00 23 
 700.00 105.00 27 
 700.00 120.00 30 
 700.00 135.00 32 
 700.00 150.00 36 
 700.00 165.00 39 
 700.00 180.00 42 
 700.00 195.00 44 
 700.00 210.00 48 
 700.00 225.00 50 
 700.00 240.00 50 
 700.00 255.00 50 
 700.00 270.00 50 
 700.00 285.00 50 
 700.00 300.00 50 
 700.00 315.00 50 
 700.00 330.00 50 
 700.00 345.00 50 
 700.00 360.00 50 
 700.00 375.00 50 
 700.00 390.00 50 
 700.00 405.00 50 
 700.00 420.00 50 
 700.00 435.00 50 
 700.00 450.00 50 
 700.00 465.00 50 
 700.00 480.00 50 
 700.00 495.00 50 
 700.00 510.00 50 
 700.00 525.00 50 
 700.00 540.00 50 
 700.00 555.00 50 
 700.00 570.00 50 
 700.00 585.00 50 
 700.00 600.00 50 
 700.00 615.00 50 
 700.00 630.00 50 
 700.00 645.00 50 
 700.00 660.00 50 
 700.00 675.00 50 
 700.00 690.00 50 
 700.00 705.00 50 
 700.00 720.00 50 
 
 750.00 15.00 9 
 750.00 30.00 13 
 750.00 45.00 15 
 750.00 60.00 18 
 750.00 75.00 20 
 750.00 90.00 23 
 750.00 105.00 27 
 750.00 120.00 29 
 750.00 135.00 33 
 750.00 150.00 35 
 750.00 165.00 38 
 750.00 180.00 42 
 750.00 195.00 44 
 750.00 210.00 47 
 750.00 225.00 50 
 750.00 240.00 50 
 750.00 255.00 50 
 750.00 270.00 50 
 750.00 285.00 50 
 750.00 300.00 50 
 750.00 315.00 50 
 750.00 330.00 50 
 750.00 345.00 50 
 750.00 360.00 50 
 750.00 375.00 50 
 750.00 390.00 50 
 750.00 405.00 50 
 750.00 420.00 50 
 750.00 435.00 50 
 750.00 450.00 50 
 750.00 465.00 50 
 750.00 480.00 50 
 750.00 495.00 50 
 750.00 510.00 50 
 750.00 525.00 50 
 750.00 540.00 50 
 750.00 555.00 50 
 750.00 570.00 50 
 750.00 585.00 50 
 750.00 600.00 50 
 750.00 615.00 50 
 750.00 630.00 50 
 750.00 645.00 50 
 750.00 660.00 50 
 750.00 675.00 50 
 750.00 690.00 50 
 750.00 705.00 50 
 750.00 720.00 50 
 
 800.00 15.00 9 
 800.00 30.00 12 
 800.00 45.00 15 
 800.00 60.00 18 
 800.00 75.00 20 
 800.00 90.00 23 
 800.00 105.00 27 
 800.00 120.00 29 
 800.00 135.00 32 
 800.00 150.00 35 
 800.00 165.00 39 
 800.00 180.00 41 
 800.00 195.00 44 
 800.00 210.00 48 
 800.00 225.00 50 
 800.00 240.00 50 
 800.00 255.00 50 
 800.00 270.00 50 
 800.00 285.00 50 
 800.00 300.00 50 
 800.00 315.00 50 
 800.00 330.00 50 
 800.00 345.00 50 
 800.00 360.00 50 
 800.00 375.00 50 
 800.00 390.00 50 
 800.00 405.00 50 
 800.00 420.00 50 
 800.00 435.00 50 
 800.00 450.00 50 
 800.00 465.00 50 
 800.00 480.00 50 
 800.00 495.00 50 
 800.00 510.00 50 
 800.00 525.00 50 
 800.00 540.00 50 
 800.00 555.00 50 
 800.00 570.00 50 
 800.00 585.00 50 
 800.00 600.00 50 
 800.00 615.00 50 
 800.00 630.00 50 
 800.00 645.00 50 
 800.00 660.00 50 
 800.00 675.00 50 
 800.00 690.00 50 
 800.00 705.00 50 
 800.00 720.00 50 
 
 850.00 15.00 9 
 850.00 30.00 12 
 850.00 45.00 14 
 850.00 60.00 17 
 850.00 75.00 20 
 850.00 90.00 23 
 850.00 105.00 25 
 850.00 120.00 28 
 850.00 135.00 31 
 850.00 150.00 35 
 850.00 165.00 37 
 850.00 180.00 41 
 850.00 195.00 45 
 850.00 210.00 46 
 850.00 225.00 50 
 850.00 240.00 50 
 850.00 255.00 50 
 850.00 270.00 50 
 850.00 285.00 50 
 850.00 300.00 50 
 850.00 315.00 50 
 850.00 330.00 50 
 850.00 345.00 50 
 850.00 360.00 50 
 850.00 375.00 50 
 850.00 390.00 50 
 850.00 405.00 50 
 850.00 420.00 50 
 850.00 435.00 50 
 850.00 450.00 50 
 850.00 465.00 50 
 850.00 480.00 50 
 850.00 495.00 50 
 850.00 510.00 50 
 850.00 525.00 50 
 850.00 540.00 50 
 850.00 555.00 50 
 850.00 570.00 50 
 850.00 585.00 50 
 850.00 600.00 50 
 850.00 615.00 50 
 850.00 630.00 50 
 850.00 645.00 50 
 850.00 660.00 50 
 850.00 675.00 50 
 850.00 690.00 50 
 850.00 705.00 50 
 850.00 720.00 50 
 
 900.00 15.00 8 
 900.00 30.00 11 
 900.00 45.00 14 
 900.00 60.00 17 
 900.00 75.00 19 
 900.00 90.00 23 
 900.00 105.00 25 
 900.00 120.00 32 
 900.00 135.00 31 
 900.00 150.00 34 
 900.00 165.00 38 
 900.00 180.00 40 
 900.00 195.00 42 
 900.00 210.00 46 
 900.00 225.00 49 
 900.00 240.00 50 
 900.00 255.00 50 
 900.00 270.00 50 
 900.00 285.00 50 
 900.00 300.00 50 
 900.00 315.00 50 
 900.00 330.00 50 
 900.00 345.00 50 
 900.00 360.00 50 
 900.00 375.00 50 
 900.00 390.00 50 
 900.00 405.00 50 
 900.00 420.00 50 
 900.00 435.00 50 
 900.00 450.00 50 
 900.00 465.00 50 
 900.00 480.00 50 
 900.00 495.00 50 
 900.00 510.00 50 
 900.00 525.00 50 
 900.00 540.00 50 
 900.00 555.00 50 
 900.00 570.00 50 
 900.00 585.00 50 
 900.00 600.00 50 
 900.00 615.00 50 
 900.00 630.00 50 
 900.00 645.00 50 
 900.00 660.00 50 
 900.00 675.00 50 
 900.00 690.00 50 
 900.00 705.00 50 
 900.00 720.00 50 
 
 950.00 15.00 8 
 950.00 30.00 11 
 950.00 45.00 14 
 950.00 60.00 17 
 950.00 75.00 19 
 950.00 90.00 23 
 950.00 105.00 25 
 950.00 120.00 28 
 950.00 135.00 31 
 950.00 150.00 33 
 950.00 165.00 36 
 950.00 180.00 40 
 950.00 195.00 44 
 950.00 210.00 46 
 950.00 225.00 48 
 950.00 240.00 50 
 950.00 255.00 50 
 950.00 270.00 50 
 950.00 285.00 50 
 950.00 300.00 50 
 950.00 315.00 50 
 950.00 330.00 50 
 950.00 345.00 50 
 950.00 360.00 50 
 950.00 375.00 50 
 950.00 390.00 50 
 950.00 405.00 50 
 950.00 420.00 50 
 950.00 435.00 50 
 950.00 450.00 50 
 950.00 465.00 50 
 950.00 480.00 50 
 950.00 495.00 50 
 950.00 510.00 50 
 950.00 525.00 50 
 950.00 540.00 50 
 950.00 555.00 50 
 950.00 570.00 50 
 950.00 585.00 50 
 950.00 600.00 50 
 950.00 615.00 50 
 950.00 630.00 50 
 950.00 645.00 50 
 950.00 660.00 50 
 950.00 675.00 50 
 950.00 690.00 50 
 950.00 705.00 50 
 950.00 720.00 50 

1000.00 15.00 8 
1000.00 30.00 11 
1000.00 45.00 14 
1000.00 60.00 17 
1000.00 75.00 19 
1000.00 90.00 22 
1000.00 105.00 25 
1000.00 120.00 29 
1000.00 135.00 30 
1000.00 150.00 33 
1000.00 165.00 36 
1000.00 180.00 40 
1000.00 195.00 42 
1000.00 210.00 45 
1000.00 225.00 48 
1000.00 240.00 50 
1000.00 255.00 50 
1000.00 270.00 50 
1000.00 285.00 50 
1000.00 300.00 50 
1000.00 315.00 50 
1000.00 330.00 50 
1000.00 345.00 50 
1000.00 360.00 50 
1000.00 375.00 50 
1000.00 390.00 50 
1000.00 405.00 50 
1000.00 420.00 50 
1000.00 435.00 50 
1000.00 450.00 50 
1000.00 465.00 50 
1000.00 480.00 50 
1000.00 495.00 50 
1000.00 510.00 50 
1000.00 525.00 50 
1000.00 540.00 50 
1000.00 555.00 50 
1000.00 570.00 50 
1000.00 585.00 50 
1000.00 600.00 50 
1000.00 615.00 50 
1000.00 630.00 50 
1000.00 645.00 50 
1000.00 660.00 50 
1000.00 675.00 50 
1000.00 690.00 50 
1000.00 705.00 50 
1000.00 720.00 50 

1050.00 15.00 8 
1050.00 30.00 11 
1050.00 45.00 14 
1050.00 60.00 16 
1050.00 75.00 19 
1050.00 90.00 22 
1050.00 105.00 24 
1050.00 120.00 27 
1050.00 135.00 30 
1050.00 150.00 33 
1050.00 165.00 35 
1050.00 180.00 38 
1050.00 195.00 42 
1050.00 210.00 44 
1050.00 225.00 47 
1050.00 240.00 50 
1050.00 255.00 50 
1050.00 270.00 50 
1050.00 285.00 50 
1050.00 300.00 50 
1050.00 315.00 50 
1050.00 330.00 50 
1050.00 345.00 50 
1050.00 360.00 50 
1050.00 375.00 50 
1050.00 390.00 50 
1050.00 405.00 50 
1050.00 420.00 50 
1050.00 435.00 50 
1050.00 450.00 50 
1050.00 465.00 50 
1050.00 480.00 50 
1050.00 495.00 50 
1050.00 510.00 50 
1050.00 525.00 50 
1050.00 540.00 50 
1050.00 555.00 50 
1050.00 570.00 50 
1050.00 585.00 50 
1050.00 600.00 50 
1050.00 615.00 50 
1050.00 630.00 50 
1050.00 645.00 50 
1050.00 660.00 50 
1050.00 675.00 50 
1050.00 690.00 50 
1050.00 705.00 50 
1050.00 720.00 50 

1100.00 15.00 8 
1100.00 30.00 11 
1100.00 45.00 13 
1100.00 60.00 16 
1100.00 75.00 19 
1100.00 90.00 21 
1100.00 105.00 25 
1100.00 120.00 26 
1100.00 135.00 30 
1100.00 150.00 33 
1100.00 165.00 35 
1100.00 180.00 38 
1100.00 195.00 41 
1100.00 210.00 44 
1100.00 225.00 46 
1100.00 240.00 49 
1100.00 255.00 50 
1100.00 270.00 50 
1100.00 285.00 50 
1100.00 300.00 50 
1100.00 315.00 50 
1100.00 330.00 50 
1100.00 345.00 50 
1100.00 360.00 50 
1100.00 375.00 50 
1100.00 390.00 50 
1100.00 405.00 50 
1100.00 420.00 50 
1100.00 435.00 50 
1100.00 450.00 50 
1100.00 465.00 50 
1100.00 480.00 50 
1100.00 495.00 50 
1100.00 510.00 50 
1100.00 525.00 50 
1100.00 540.00 50 
1100.00 555.00 50 
1100.00 570.00 50 
1100.00 585.00 50 
1100.00 600.00 50 
1100.00 615.00 50 
1100.00 630.00 50 
1100.00 645.00 50 
1100.00 660.00 50 
1100.00 675.00 50 
1100.00 690.00 50 
1100.00 705.00 50 
1100.00 720.00 50 

1150.00 15.00 8 
1150.00 30.00 11 
1150.00 45.00 13 
1150.00 60.00 16 
1150.00 75.00 19 
1150.00 90.00 21 
1150.00 105.00 25 
1150.00 120.00 27 
1150.00 135.00 29 
1150.00 150.00 33 
1150.00 165.00 35 
1150.00 180.00 38 
1150.00 195.00 40 
1150.00 210.00 43 
1150.00 225.00 46 
1150.00 240.00 49 
1150.00 255.00 50 
1150.00 270.00 50 
1150.00 285.00 50 
1150.00 300.00 50 
1150.00 315.00 50 
1150.00 330.00 50 
1150.00 345.00 50 
1150.00 360.00 50 
1150.00 375.00 50 
1150.00 390.00 50 
1150.00 405.00 50 
1150.00 420.00 50 
1150.00 435.00 50 
1150.00 450.00 50 
1150.00 465.00 50 
1150.00 480.00 50 
1150.00 495.00 50 
1150.00 510.00 50 
1150.00 525.00 50 
1150.00 540.00 50 
1150.00 555.00 50 
1150.00 570.00 50 
1150.00 585.00 50 
1150.00 600.00 50 
1150.00 615.00 50 
1150.00 630.00 50 
1150.00 645.00 50 
1150.00 660.00 50 
1150.00 675.00 50 
1150.00 690.00 50 
1150.00 705.00 50 
1150.00 720.00 50 

1200.00 15.00 8 
1200.00 30.00 10 
1200.00 45.00 13 
1200.00 60.00 16 
1200.00 75.00 19 
1200.00 90.00 22 
1200.00 105.00 23 
1200.00 120.00 26 
1200.00 135.00 30 
1200.00 150.00 32 
1200.00 165.00 35 
1200.00 180.00 38 
1200.00 195.00 40 
1200.00 210.00 43 
1200.00 225.00 46 
1200.00 240.00 49 
1200.00 255.00 50 
1200.00 270.00 50 
1200.00 285.00 50 
1200.00 300.00 50 
1200.00 315.00 50 
1200.00 330.00 50 
1200.00 345.00 50 
1200.00 360.00 50 
1200.00 375.00 50 
1200.00 390.00 50 
1200.00 405.00 50 
1200.00 420.00 50 
1200.00 435.00 50 
1200.00 450.00 50 
1200.00 465.00 50 
1200.00 480.00 50 
1200.00 495.00 50 
1200.00 510.00 50 
1200.00 525.00 50 
1200.00 540.00 50 
1200.00 555.00 50 
1200.00 570.00 50 
1200.00 585.00 50 
1200.00 600.00 50 
1200.00 615.00 50 
1200.00 630.00 50 
1200.00 645.00 50 
1200.00 660.00 50 
1200.00 675.00 50 
1200.00 690.00 50 
1200.00 705.00 50 
1200.00 720.00 50 

1250.00 15.00 7 
1250.00 30.00 10 
1250.00 45.00 12 
1250.00 60.00 15 
1250.00 75.00 18 
1250.00 90.00 21 
1250.00 105.00 24 
1250.00 120.00 26 
1250.00 135.00 30 
1250.00 150.00 31 
1250.00 165.00 34 
1250.00 180.00 37 
1250.00 195.00 40 
1250.00 210.00 43 
1250.00 225.00 45 
1250.00 240.00 48 
1250.00 255.00 50 
1250.00 270.00 50 
1250.00 285.00 50 
1250.00 300.00 50 
1250.00 315.00 50 
1250.00 330.00 50 
1250.00 345.00 50 
1250.00 360.00 50 
1250.00 375.00 50 
1250.00 390.00 50 
1250.00 405.00 50 
1250.00 420.00 50 
1250.00 435.00 50 
1250.00 450.00 50 
1250.00 465.00 50 
1250.00 480.00 50 
1250.00 495.00 50 
1250.00 510.00 50 
1250.00 525.00 50 
1250.00 540.00 50 
1250.00 555.00 50 
1250.00 570.00 50 
1250.00 585.00 50 
1250.00 600.00 50 
1250.00 615.00 50 
1250.00 630.00 50 
1250.00 645.00 50 
1250.00 660.00 50 
1250.00 675.00 50 
1250.00 690.00 50 
1250.00 705.00 50 
1250.00 720.00 50 

1300.00 15.00 7 
1300.00 30.00 10 
1300.00 45.00 13 
1300.00 60.00 15 
1300.00 75.00 18 
1300.00 90.00 20 
1300.00 105.00 24 
1300.00 120.00 26 
1300.00 135.00 29 
1300.00 150.00 31 
1300.00 165.00 34 
1300.00 180.00 37 
1300.00 195.00 42 
1300.00 210.00 45 
1300.00 225.00 44 
1300.00 240.00 47 
1300.00 255.00 50 
1300.00 270.00 50 
1300.00 285.00 50 
1300.00 300.00 50 
1300.00 315.00 50 
1300.00 330.00 50 
1300.00 345.00 50 
1300.00 360.00 50 
1300.00 375.00 50 
1300.00 390.00 50 
1300.00 405.00 50 
1300.00 420.00 50 
1300.00 435.00 50 
1300.00 450.00 50 
1300.00 465.00 50 
1300.00 480.00 50 
1300.00 495.00 50 
1300.00 510.00 50 
1300.00 525.00 50 
1300.00 540.00 50 
1300.00 555.00 50 
1300.00 570.00 50 
1300.00 585.00 50 
1300.00 600.00 50 
1300.00 615.00 50 
1300.00 630.00 50 
1300.00 645.00 50 
1300.00 660.00 50 
1300.00 675.00 50 
1300.00 690.00 50 
1300.00 705.00 50 
1300.00 720.00 50 

1350.00 15.00 7 
1350.00 30.00 10 
1350.00 45.00 12 
1350.00 60.00 15 
1350.00 75.00 17 
1350.00 90.00 20 
1350.00 105.00 23 
1350.00 120.00 26 
1350.00 135.00 28 
1350.00 150.00 31 
1350.00 165.00 34 
1350.00 180.00 36 
1350.00 195.00 38 
1350.00 210.00 42 
1350.00 225.00 45 
1350.00 240.00 47 
1350.00 255.00 50 
1350.00 270.00 50 
1350.00 285.00 50 
1350.00 300.00 50 
1350.00 315.00 50 
1350.00 330.00 50 
1350.00 345.00 50 
1350.00 360.00 50 
1350.00 375.00 50 
1350.00 390.00 50 
1350.00 405.00 50 
1350.00 420.00 50 
1350.00 435.00 50 
1350.00 450.00 50 
1350.00 465.00 50 
1350.00 480.00 50 
1350.00 495.00 50 
1350.00 510.00 50 
1350.00 525.00 50 
1350.00 540.00 50 
1350.00 555.00 50 
1350.00 570.00 50 
1350.00 585.00 50 
1350.00 600.00 50 
1350.00 615.00 50 
1350.00 630.00 50 
1350.00 645.00 50 
1350.00 660.00 50 
1350.00 675.00 50 
1350.00 690.00 50 
1350.00 705.00 50 
1350.00 720.00 50 

1400.00 15.00 7 
1400.00 30.00 10 
1400.00 45.00 12 
1400.00 60.00 14 
1400.00 75.00 17 
1400.00 90.00 20 
1400.00 105.00 23 
1400.00 120.00 25 
1400.00 135.00 29 
1400.00 150.00 31 
1400.00 165.00 33 
1400.00 180.00 36 
1400.00 195.00 38 
1400.00 210.00 41 
1400.00 225.00 44 
1400.00 240.00 48 
1400.00 255.00 50 
1400.00 270.00 50 
1400.00 285.00 50 
1400.00 300.00 50 
1400.00 315.00 50 
1400.00 330.00 50 
1400.00 345.00 50 
1400.00 360.00 50 
1400.00 375.00 50 
1400.00 390.00 50 
1400.00 405.00 50 
1400.00 420.00 50 
1400.00 435.00 50 
1400.00 450.00 50 
1400.00 465.00 50 
1400.00 480.00 50 
1400.00 495.00 50 
1400.00 510.00 50 
1400.00 525.00 50 
1400.00 540.00 50 
1400.00 555.00 50 
1400.00 570.00 50 
1400.00 585.00 50 
1400.00 600.00 50 
1400.00 615.00 50 
1400.00 630.00 50 
1400.00 645.00 50 
1400.00 660.00 50 
1400.00 675.00 50 
1400.00 690.00 50 
1400.00 705.00 50 
1400.00 720.00 50 

1450.00 15.00 7 
1450.00 30.00 10 
1450.00 45.00 12 
1450.00 60.00 14 
1450.00 75.00 17 
1450.00 90.00 20 
1450.00 105.00 22 
1450.00 120.00 25 
1450.00 135.00 29 
1450.00 150.00 31 
1450.00 165.00 33 
1450.00 180.00 35 
1450.00 195.00 39 
1450.00 210.00 41 
1450.00 225.00 45 
1450.00 240.00 45 
1450.00 255.00 49 
1450.00 270.00 50 
1450.00 285.00 50 
1450.00 300.00 50 
1450.00 315.00 50 
1450.00 330.00 50 
1450.00 345.00 50 
1450.00 360.00 50 
1450.00 375.00 50 
1450.00 390.00 50 
1450.00 405.00 50 
1450.00 420.00 50 
1450.00 435.00 50 
1450.00 450.00 50 
1450.00 465.00 50 
1450.00 480.00 50 
1450.00 495.00 50 
1450.00 510.00 50 
1450.00 525.00 50 
1450.00 540.00 50 
1450.00 555.00 50 
1450.00 570.00 50 
1450.00 585.00 50 
1450.00 600.00 50 
1450.00 615.00 50 
1450.00 630.00 50 
1450.00 645.00 50 
1450.00 660.00 50 
1450.00 675.00 50 
1450.00 690.00 50 
1450.00 705.00 50 
1450.00 720.00 50 

1500.00 15.00 7 
1500.00 30.00 9 
1500.00 45.00 12 
1500.00 60.00 14 
1500.00 75.00 17 
1500.00 90.00 19 
1500.00 105.00 23 
1500.00 120.00 25 
1500.00 135.00 28 
1500.00 150.00 30 
1500.00 165.00 33 
1500.00 180.00 35 
1500.00 195.00 39 
1500.00 210.00 40 
1500.00 225.00 43 
1500.00 240.00 45 
1500.00 255.00 50 
1500.00 270.00 50 
1500.00 285.00 50 
1500.00 300.00 50 
1500.00 315.00 50 
1500.00 330.00 50 
1500.00 345.00 50 
1500.00 360.00 50 
1500.00 375.00 50 
1500.00 390.00 50 
1500.00 405.00 50 
1500.00 420.00 50 
1500.00 435.00 50 
1500.00 450.00 50 
1500.00 465.00 50 
1500.00 480.00 50 
1500.00 495.00 50 
1500.00 510.00 50 
1500.00 525.00 50 
1500.00 540.00 50 
1500.00 555.00 50 
1500.00 570.00 50 
1500.00 585.00 50 
1500.00 600.00 50 
1500.00 615.00 50 
1500.00 630.00 50 
1500.00 645.00 50 
1500.00 660.00 50 
1500.00 675.00 50 
1500.00 690.00 50 
1500.00 705.00 50 
1500.00 720.00 50 

1550.00 15.00 7 
1550.00 30.00 9 
1550.00 45.00 12 
1550.00 60.00 15 
1550.00 75.00 17 
1550.00 90.00 20 
1550.00 105.00 22 
1550.00 120.00 25 
1550.00 135.00 27 
1550.00 150.00 30 
1550.00 165.00 32 
1550.00 180.00 35 
1550.00 195.00 38 
1550.00 210.00 41 
1550.00 225.00 43 
1550.00 240.00 45 
1550.00 255.00 47 
1550.00 270.00 50 
1550.00 285.00 50 
1550.00 300.00 50 
1550.00 315.00 50 
1550.00 330.00 50 
1550.00 345.00 50 
1550.00 360.00 50 
1550.00 375.00 50 
1550.00 390.00 50 
1550.00 405.00 50 
1550.00 420.00 50 
1550.00 435.00 50 
1550.00 450.00 50 
1550.00 465.00 50 
1550.00 480.00 50 
1550.00 495.00 50 
1550.00 510.00 50 
1550.00 525.00 50 
1550.00 540.00 50 
1550.00 555.00 50 
1550.00 570.00 50 
1550.00 585.00 50 
1550.00 600.00 50 
1550.00 615.00 50 
1550.00 630.00 50 
1550.00 645.00 50 
1550.00 660.00 50 
1550.00 675.00 50 
1550.00 690.00 50 
1550.00 705.00 50 
1550.00 720.00 50 

1600.00 15.00 7 
1600.00 30.00 9 
1600.00 45.00 12 
1600.00 60.00 14 
1600.00 75.00 17 
1600.00 90.00 19 
1600.00 105.00 22 
1600.00 120.00 25 
1600.00 135.00 27 
1600.00 150.00 29 
1600.00 165.00 32 
1600.00 180.00 35 
1600.00 195.00 37 
1600.00 210.00 40 
1600.00 225.00 42 
1600.00 240.00 44 
1600.00 255.00 48 
1600.00 270.00 50 
1600.00 285.00 50 
1600.00 300.00 50 
1600.00 315.00 50 
1600.00 330.00 50 
1600.00 345.00 50 
1600.00 360.00 50 
1600.00 375.00 50 
1600.00 390.00 50 
1600.00 405.00 50 
1600.00 420.00 50 
1600.00 435.00 50 
1600.00 450.00 50 
1600.00 465.00 50 
1600.00 480.00 50 
1600.00 495.00 50 
1600.00 510.00 50 
1600.00 525.00 50 
1600.00 540.00 50 
1600.00 555.00 50 
1600.00 570.00 50 
1600.00 585.00 50 
1600.00 600.00 50 
1600.00 615.00 50 
1600.00 630.00 50 
1600.00 645.00 50 
1600.00 660.00 50 
1600.00 675.00 50 
1600.00 690.00 50 
1600.00 705.00 50 
1600.00 720.00 50 

1650.00 15.00 7 
1650.00 30.00 9 
1650.00 45.00 12 
1650.00 60.00 14 
1650.00 75.00 17 
1650.00 90.00 19 
1650.00 105.00 22 
1650.00 120.00 24 
1650.00 135.00 27 
1650.00 150.00 29 
1650.00 165.00 31 
1650.00 180.00 34 
1650.00 195.00 37 
1650.00 210.00 39 
1650.00 225.00 42 
1650.00 240.00 44 
1650.00 255.00 46 
1650.00 270.00 49 
1650.00 285.00 50 
1650.00 300.00 50 
1650.00 315.00 50 
1650.00 330.00 50 
1650.00 345.00 50 
1650.00 360.00 50 
1650.00 375.00 50 
1650.00 390.00 50 
1650.00 405.00 50 
1650.00 420.00 50 
1650.00 435.00 50 
1650.00 450.00 50 
1650.00 465.00 50 
1650.00 480.00 50 
1650.00 495.00 50 
1650.00 510.00 50 
1650.00 525.00 50 
1650.00 540.00 50 
1650.00 555.00 50 
1650.00 570.00 50 
1650.00 585.00 50 
1650.00 600.00 50 
1650.00 615.00 50 
1650.00 630.00 50 
1650.00 645.00 50 
1650.00 660.00 50 
1650.00 675.00 50 
1650.00 690.00 50 
1650.00 705.00 50 
1650.00 720.00 50 

1700.00 15.00 7 
1700.00 30.00 9 
1700.00 45.00 12 
1700.00 60.00 14 
1700.00 75.00 17 
1700.00 90.00 19 
1700.00 105.00 21 
1700.00 120.00 25 
1700.00 135.00 27 
1700.00 150.00 29 
1700.00 165.00 31 
1700.00 180.00 35 
1700.00 195.00 38 
1700.00 210.00 39 
1700.00 225.00 41 
1700.00 240.00 44 
1700.00 255.00 46 
1700.00 270.00 48 
1700.00 285.00 50 
1700.00 300.00 50 
1700.00 315.00 50 
1700.00 330.00 50 
1700.00 345.00 50 
1700.00 360.00 50 
1700.00 375.00 50 
1700.00 390.00 50 
1700.00 405.00 50 
1700.00 420.00 50 
1700.00 435.00 50 
1700.00 450.00 50 
1700.00 465.00 50 
1700.00 480.00 50 
1700.00 495.00 50 
1700.00 510.00 50 
1700.00 525.00 50 
1700.00 540.00 50 
1700.00 555.00 50 
1700.00 570.00 50 
1700.00 585.00 50 
1700.00 600.00 50 
1700.00 615.00 50 
1700.00 630.00 50 
1700.00 645.00 50 
1700.00 660.00 50 
1700.00 675.00 50 
1700.00 690.00 50 
1700.00 705.00 50 
1700.00 720.00 50 

1750.00 15.00 7 
1750.00 30.00 9 
1750.00 45.00 12 
1750.00 60.00 14 
1750.00 75.00 16 
1750.00 90.00 19 
1750.00 105.00 21 
1750.00 120.00 24 
1750.00 135.00 26 
1750.00 150.00 29 
1750.00 165.00 31 
1750.00 180.00 33 
1750.00 195.00 36 
1750.00 210.00 39 
1750.00 225.00 41 
1750.00 240.00 44 
1750.00 255.00 46 
1750.00 270.00 48 
1750.00 285.00 50 
1750.00 300.00 50 
1750.00 315.00 50 
1750.00 330.00 50 
1750.00 345.00 50 
1750.00 360.00 50 
1750.00 375.00 50 
1750.00 390.00 50 
1750.00 405.00 50 
1750.00 420.00 50 
1750.00 435.00 50 
1750.00 450.00 50 
1750.00 465.00 50 
1750.00 480.00 50 
1750.00 495.00 50 
1750.00 510.00 50 
1750.00 525.00 50 
1750.00 540.00 50 
1750.00 555.00 50 
1750.00 570.00 50 
1750.00 585.00 50 
1750.00 600.00 50 
1750.00 615.00 50 
1750.00 630.00 50 
1750.00 645.00 50 
1750.00 660.00 50 
1750.00 675.00 50 
1750.00 690.00 50 
1750.00 705.00 50 
1750.00 720.00 50 

1800.00 15.00 7 
1800.00 30.00 9 
1800.00 45.00 11 
1800.00 60.00 14 
1800.00 75.00 16 
1800.00 90.00 19 
1800.00 105.00 21 
1800.00 120.00 23 
1800.00 135.00 27 
1800.00 150.00 29 
1800.00 165.00 32 
1800.00 180.00 33 
1800.00 195.00 36 
1800.00 210.00 39 
1800.00 225.00 42 
1800.00 240.00 44 
1800.00 255.00 46 
1800.00 270.00 47 
1800.00 285.00 50 
1800.00 300.00 50 
1800.00 315.00 50 
1800.00 330.00 50 
1800.00 345.00 50 
1800.00 360.00 50 
1800.00 375.00 50 
1800.00 390.00 50 
1800.00 405.00 50 
1800.00 420.00 50 
1800.00 435.00 50 
1800.00 450.00 50 
1800.00 465.00 50 
1800.00 480.00 50 
1800.00 495.00 50 
1800.00 510.00 50 
1800.00 525.00 50 
1800.00 540.00 50 
1800.00 555.00 50 
1800.00 570.00 50 
1800.00 585.00 50 
1800.00 600.00 50 
1800.00 615.00 50 
1800.00 630.00 50 
1800.00 645.00 50 
1800.00 660.00 50 
1800.00 675.00 50 
1800.00 690.00 50 
1800.00 705.00 50 
1800.00 720.00 50 

1850.00 15.00 7 
1850.00 30.00 9 
1850.00 45.00 11 
1850.00 60.00 14 
1850.00 75.00 17 
1850.00 90.00 19 
1850.00 105.00 20 
1850.00 120.00 23 
1850.00 135.00 28 
1850.00 150.00 28 
1850.00 165.00 30 
1850.00 180.00 32 
1850.00 195.00 35 
1850.00 210.00 38 
1850.00 225.00 41 
1850.00 240.00 43 
1850.00 255.00 45 
1850.00 270.00 47 
1850.00 285.00 49 
1850.00 300.00 50 
1850.00 315.00 50 
1850.00 330.00 50 
1850.00 345.00 50 
1850.00 360.00 50 
1850.00 375.00 50 
1850.00 390.00 50 
1850.00 405.00 50 
1850.00 420.00 50 
1850.00 435.00 50 
1850.00 450.00 50 
1850.00 465.00 50 
1850.00 480.00 50 
1850.00 495.00 50 
1850.00 510.00 50 
1850.00 525.00 50 
1850.00 540.00 50 
1850.00 555.00 50 
1850.00 570.00 50 
1850.00 585.00 50 
1850.00 600.00 50 
1850.00 615.00 50 
1850.00 630.00 50 
1850.00 645.00 50 
1850.00 660.00 50 
1850.00 675.00 50 
1850.00 690.00 50 
1850.00 705.00 50 
1850.00 720.00 50 

1900.00 15.00 7 
1900.00 30.00 9 
1900.00 45.00 11 
1900.00 60.00 13 
1900.00 75.00 16 
1900.00 90.00 19 
1900.00 105.00 21 
1900.00 120.00 23 
1900.00 135.00 26 
1900.00 150.00 29 
1900.00 165.00 30 
1900.00 180.00 35 
1900.00 195.00 36 
1900.00 210.00 38 
1900.00 225.00 40 
1900.00 240.00 43 
1900.00 255.00 45 
1900.00 270.00 49 
1900.00 285.00 49 
1900.00 300.00 50 
1900.00 315.00 50 
1900.00 330.00 50 
1900.00 345.00 50 
1900.00 360.00 50 
1900.00 375.00 50 
1900.00 390.00 50 
1900.00 405.00 50 
1900.00 420.00 50 
1900.00 435.00 50 
1900.00 450.00 50 
1900.00 465.00 50 
1900.00 480.00 50 
1900.00 495.00 50 
1900.00 510.00 50 
1900.00 525.00 50 
1900.00 540.00 50 
1900.00 555.00 50 
1900.00 570.00 50 
1900.00 585.00 50 
1900.00 600.00 50 
1900.00 615.00 50 
1900.00 630.00 50 
1900.00 645.00 50 
1900.00 660.00 50 
1900.00 675.00 50 
1900.00 690.00 50 
1900.00 705.00 50 
1900.00 720.00 50 

1950.00 15.00 7 
1950.00 30.00 9 
1950.00 45.00 11 
1950.00 60.00 14 
1950.00 75.00 16 
1950.00 90.00 19 
1950.00 105.00 21 
1950.00 120.00 23 
1950.00 135.00 27 
1950.00 150.00 28 
1950.00 165.00 31 
1950.00 180.00 32 
1950.00 195.00 35 
1950.00 210.00 37 
1950.00 225.00 40 
1950.00 240.00 42 
1950.00 255.00 44 
1950.00 270.00 46 
1950.00 285.00 50 
1950.00 300.00 50 
1950.00 315.00 50 
1950.00 330.00 50 
1950.00 345.00 50 
1950.00 360.00 50 
1950.00 375.00 50 
1950.00 390.00 50 
1950.00 405.00 50 
1950.00 420.00 50 
1950.00 435.00 50 
1950.00 450.00 50 
1950.00 465.00 50 
1950.00 480.00 50 
1950.00 495.00 50 
1950.00 510.00 50 
1950.00 525.00 50 
1950.00 540.00 50 
1950.00 555.00 50 
1950.00 570.00 50 
1950.00 585.00 50 
1950.00 600.00 50 
1950.00 615.00 50 
1950.00 630.00 50 
1950.00 645.00 50 
1950.00 660.00 50 
1950.00 675.00 50 
1950.00 690.00 50 
1950.00 705.00 50 
1950.00 720.00 50 

2000.00 15.00 7 
2000.00 30.00 9 
2000.00 45.00 11 
2000.00 60.00 13 
2000.00 75.00 15 
2000.00 90.00 18 
2000.00 105.00 20 
2000.00 120.00 22 
2000.00 135.00 25 
2000.00 150.00 27 
2000.00 165.00 30 
2000.00 180.00 32 
2000.00 195.00 34 
2000.00 210.00 37 
2000.00 225.00 39 
2000.00 240.00 41 
2000.00 255.00 44 
2000.00 270.00 46 
2000.00 285.00 48 
2000.00 300.00 50 
2000.00 315.00 50 
2000.00 330.00 50 
2000.00 345.00 50 
2000.00 360.00 50 
2000.00 375.00 50 
2000.00 390.00 50 
2000.00 405.00 50 
2000.00 420.00 50 
2000.00 435.00 50 
2000.00 450.00 50 
2000.00 465.00 50 
2000.00 480.00 50 
2000.00 495.00 50 
2000.00 510.00 50 
2000.00 525.00 50 
2000.00 540.00 50 
2000.00 555.00 50 
2000.00 570.00 50 
2000.00 585.00 50 
2000.00 600.00 50 
2000.00 615.00 50 
2000.00 630.00 50 
2000.00 645.00 50 
2000.00 660.00 50 
2000.00 675.00 50 
2000.00 690.00 50 
2000.00 705.00 50 
2000.00 720.00 50 
